2530.87813214 -29034.196073 -26503.3179408
2522.76113436 -29017.9900609 -26495.2289265
2509.05856917 -28990.623704 -26481.5651348
2489.51558075 -28951.2648821 -26461.7493013
2463.79211524 -28898.0845906 -26434.2924754
2431.47376393 -28829.3184157 -26397.8446517
2392.07805258 -28744.5579569 -26352.4799043
2345.08158803 -28642.6726485 -26297.5910605
2289.96552617 -28524.3162197 -26234.3506935
2226.28425349 -28388.4334106 -26162.1491571
2153.76191374 -28235.528451 -26081.7665372
2072.40899056 -28065.5438945 -25993.1349039
1982.65923193 -27879.0295437 -25896.3703117
1885.49663879 -27678.4825641 -25792.9859253
1782.53678373 -27467.2665345 -25684.7297507
1676.02718041 -27248.8482533 -25572.8210729
1568.73081821 -27029.3593368 -25460.6285186
1463.71026922 -26815.3174631 -25351.6071939
1364.06377245 -26612.2706514 -25248.206879
1272.65410793 -26426.2433032 -25153.5891953
1191.87370433 -26261.8418962 -25069.9681919
1123.46918924 -26122.5878425 -24999.1186533
1068.44049846 -26010.1433427 -24941.7028443
1027.0217224 -25925.4065038 -24898.3847814
998.741292934 -25867.0924929 -24868.3511999
982.544778544 -25833.1895949 -24850.6448164
976.95442024 -25820.6470019 -24843.6925816
980.240048466 -25826.1178281 -24845.8777797
990.577071908 -25845.8254618 -24855.2483899
1006.17887455 -25876.1775398 -24869.9986653
1025.393735 -25913.8111265 -24888.4173915
1046.76616406 -25955.7454889 -24908.9793249
1069.06691055 -25999.9983834 -24930.9314729
1091.29992289 -26043.983636 -24952.6837131
1112.69490506 -26086.1336991 -24973.438794
1132.69175259 -26125.5236453 -24992.8318928
1150.91747382 -26161.5324469 -25010.6149731
1167.15795343 -26193.6013986 -25026.4434452
1181.32207942 -26221.420008 -25040.0979285
1193.40146807 -26245.0124464 -25051.6109783
1203.43548322 -26264.6558009 -25061.2203177
1211.48628158 -26280.3706381 -25068.8843566
1217.62736606 -26292.006165 -25074.3787989
1221.94619861 -26300.1662263 -25078.2200277
1224.55814085 -26305.0046659 -25080.446525
1225.6227469 -26306.6068632 -25080.9841163
1225.35623735 -26305.8380107 -25080.4817733
1224.03369081 -26302.8244439 -25078.7907531
1221.97937477 -26298.5586863 -25076.5793115
1219.54648971 -26293.4247525 -25073.8782627
1217.0863978 -26288.2408566 -25071.1544588
1214.91840186 -26283.4481616 -25068.5297597
1213.30509894 -26280.2121626 -25066.9070637
1212.43520079 -26278.4434961 -25066.0082953
1212.42065462 -26278.3790889 -25065.9584343
1213.30337078 -26279.9899232 -25066.6865524
1215.06720763 -26283.5168423 -25068.4496347
1217.65181905 -26288.6807942 -25071.0289752
1220.96798374 -26295.2863972 -25074.3184135
1224.91138452 -26303.088193 -25078.1768085
1229.37225987 -26311.7602689 -25082.388009
1234.24087403 -26321.5605097 -25087.3196357
1239.40664615 -26331.7469022 -25092.340256
1244.7536849 -26342.2148046 -25097.4611197
1250.15630251 -26352.8493288 -25102.6930263
1255.47769346 -26363.6788438 -25108.2011504
1260.57527052 -26373.7931014 -25113.2178309
1265.31208388 -26383.2127364 -25117.9006525
1269.57034596 -26391.5533093 -25121.9829634
1273.2629166 -26398.8695588 -25125.6066422
1276.34122173 -26405.1898916 -25128.8486698
1278.79701878 -26410.1427288 -25131.34571
1280.65906749 -26413.7990842 -25133.1400167
1281.9867387 -26416.4212015 -25134.4344628
1282.86144164 -26418.1734407 -25135.311999
1283.38054192 -26419.3100512 -25135.9295093
1283.65253611 -26419.9364565 -25136.2839204
1283.79600742 -26420.3043608 -25136.5083534
1283.93888158 -26420.8116907 -25136.8728091
1284.21713277 -26421.4173856 -25137.2002528
1284.76983415 -26422.4014384 -25137.6316042
1285.72859702 -26424.2973198 -25138.5687228
1287.20358014 -26427.3124661 -25140.108886
1289.26132339 -26431.7387076 -25142.4773842
1291.90495034 -26436.8484085 -25144.9434581
1295.0646251 -26443.2069889 -25148.1423638
1298.60141898 -26450.1763512 -25151.5749323
1302.33233954 -26457.9071092 -25155.5747697
1306.06726615 -26465.58257 -25159.5153039
1309.64163041 -26472.8104337 -25163.1688033
1312.94099713 -26479.2649909 -25166.3239937
1315.91281263 -26485.26485 -25169.3520374
1318.56344331 -26490.5719527 -25172.0085094
1320.94491456 -26495.5308411 -25174.5859265
1323.13504021 -26499.6669501 -25176.5319099
1325.21962132 -26504.0100219 -25178.7904006
1327.27655875 -26508.0933408 -25180.8167821
1329.361327 -26512.3920496 -25183.0307226
1331.4999731 -26517.0259689 -25185.5259958
1333.68694164 -26521.1957431 -25187.5088014
1335.88700438 -26525.4312476 -25189.5442432
1338.0441418 -26529.835045 -25191.7909032
1340.09286307 -26534.0579885 -25193.9651254
1341.97237547 -26537.9410143 -25195.9686388
1343.63997418 -26541.7162801 -25198.0763059
1345.07928626 -26544.785789 -25199.7065027
1346.30126168 -26547.1193476 -25200.8180859
1347.341366 -26549.2060677 -25201.8647017
1348.2509638 -26551.0235861 -25202.7726223
1349.08293095 -26552.8144464 -25203.7315155
1349.8812329 -26554.6077156 -25204.7264827
1350.67165378 -26556.1280322 -25205.4563784
1351.45897626 -26557.8087622 -25206.3497859
1352.23250767 -26559.6635347 -25207.4310271
1352.97463161 -26561.1646229 -25208.1899913
1353.67088593 -26562.5125794 -25208.8416935
1354.31895015 -26563.7322153 -25209.4132651
1354.93007079 -26564.8103054 -25209.8802346
1355.52399542 -26565.7710216 -25210.2470262
1356.1226364 -26567.0558116 -25210.9331752
1356.7410588 -26568.3744057 -25211.6333469
1357.38204558 -26569.5386126 -25212.156567
1358.03904595 -26570.906755 -25212.867709
1358.69975264 -26572.3348476 -25213.6350949
1359.34786838 -26573.5889944 -25214.241126
1359.96542934 -26574.7018343 -25214.736405
1360.52973599 -26575.9762998 -25215.4465639
1361.00435854 -26576.8439046 -25215.8395461
1361.33622159 -26577.4941329 -25216.1579113
1361.45756147 -26577.4796942 -25216.0221328
1361.2949238 -26577.1345678 -25215.839644
1360.78100143 -26576.032189 -25215.2511876
1359.86721835 -26573.9843483 -25214.1171299
1358.53675241 -26571.5298586 -25212.9931062
1356.81108069 -26568.1532842 -25211.3422035
1354.74922769 -26564.0639987 -25209.314771
1352.44114992 -26559.427053 -25206.9859031
1349.99900237 -26554.7581974 -25204.759195
1347.54557849 -26549.6880965 -25202.142518
1345.20205617 -26545.1513966 -25199.9493404
1343.07610619 -26541.0083432 -25197.932237
1341.25091527 -26537.5677706 -25196.3168553
1339.77695946 -26534.5439607 -25194.7670012
1338.67240717 -26532.5005609 -25193.8281538
1337.92695553 -26530.8580322 -25192.9310766
1337.50515852 -26530.2072677 -25192.7021092
1337.35392565 -26529.9958003 -25192.6418747
1337.40679139 -26529.9778351 -25192.5710437
1337.58813177 -26530.567389 -25192.9792572
1337.82072468 -26530.9086784 -25193.0879537
1338.03107738 -26531.4138834 -25193.382806
1338.15743319 -26531.7094146 -25193.5519814
1338.16012859 -26531.9255491 -25193.7654206
1338.03026475 -26531.7455109 -25193.7152462
1337.7936977 -26531.071648 -25193.2779503
1337.50641364 -26530.7547517 -25193.248338
1337.24555652 -26530.3264957 -25193.0809391
1337.09407733 -26530.0296427 -25192.9355654
1337.12209528 -26530.1852547 -25193.0631595
1337.37264656 -26530.8348325 -25193.462186
1337.85479572 -26531.8102892 -25193.9554935
1338.54644507 -26533.1774047 -25194.6309596
1339.40206192 -26535.2165662 -25195.8145043
1340.36463565 -26536.9175821 -25196.5529464
1341.3807185 -26538.8722858 -25197.4915673
1342.41412773 -26540.8657028 -25198.451575
1343.45391437 -26542.9570548 -25199.5031405
1344.5159528 -26545.083522 -25200.5675692
1345.64098385 -26547.5941186 -25201.9531348
1346.88626555 -26550.1214871 -25203.2352216
1348.31545481 -26553.1208898 -25204.805435
1349.98728443 -26556.5778085 -25206.5905241
1351.94465502 -26560.6460655 -25208.7014105
1354.21058392 -26565.1334133 -25210.9228293
1356.78415804 -26570.2395723 -25213.4554142
1359.6385836 -26576.0146285 -25216.3760449
1362.72081147 -26582.129657 -25219.4088456
1365.954484 -26588.6975844 -25222.7431004
1369.2475099 -26595.1097442 -25225.8622343
1372.50518346 -26601.5229583 -25229.0177749
1375.64668738 -26607.7905326 -25232.1438453
1378.61283427 -26613.7790678 -25235.1662336
1381.36846324 -26619.2984158 -25237.9299526
1383.90071803 -26624.3313497 -25240.4306317
1386.21460914 -26629.1111571 -25242.896548
1388.33232466 -26633.4671912 -25245.1348665
1390.29030021 -26637.5989578 -25247.3086576
1392.13596438 -26641.3407325 -25249.2047682
1393.92237356 -26644.912704 -25250.9903304
1395.6964149 -26648.4180593 -25252.7216444
1397.48625715 -26652.0702777 -25254.5840206
1399.2915116 -26655.5348568 -25256.2433453
1401.0788315 -26659.3544738 -25258.2756423
1402.78485509 -26662.7387002 -25259.9538451
1404.32893225 -26665.6721221 -25261.3431899
1405.62969184 -26667.9683652 -25262.3386734
1406.62052625 -26669.9529865 -25263.3324603
1407.26087615 -26671.2114133 -25263.9505371
1407.53974106 -26671.6245488 -25264.0848078
1407.46878338 -26671.6939505 -25264.2251671
1407.07132592 -26670.9241402 -25263.8528142
1406.37493293 -26669.6178399 -25263.242907
1405.40349217 -26667.7547514 -25262.3512592
1404.16991697 -26665.3176693 -25261.1477523
1402.67656864 -26662.1766146 -25259.500046
1400.91665781 -26658.631016 -25257.7143582
1398.87638947 -26654.4807881 -25255.6043986
1396.53981915 -26649.9081505 -25253.3683314
1393.894078 -26644.8659457 -25250.9718677
1390.93387026 -26638.9031571 -25247.9692868
1387.66965965 -26632.3355787 -25244.6659191
1384.13775047 -26625.4150444 -25241.2772939
1380.40729461 -26617.9734074 -25237.5661128
1376.58536931 -26610.507989 -25233.9226197
1372.81455745 -26603.2824445 -25230.4678871
1369.25903639 -26596.1528702 -25226.8938338
1366.07940066 -26589.9422334 -25223.8628327
1363.40293083 -26584.5897992 -25221.1868684
1361.29870326 -26580.5628661 -25219.2641629
1359.76425 -26577.4230778 -25217.6588278
1358.7314496 -26575.4557986 -25216.724349
1358.08766233 -26574.1786248 -25216.0909625
1357.70224627 -26573.3504256 -25215.6481793
1357.44762311 -26572.9526079 -25215.5049848
1357.21350578 -26572.5330795 -25215.3195737
1356.91503143 -26572.114768 -25215.1997366
1356.49500411 -26571.099818 -25214.6048139
1355.9232094 -26570.2400399 -25214.3168305
1355.19680249 -26568.9554241 -25213.7586216
1354.34251448 -26567.2924513 -25212.9499368
1353.41517068 -26565.575823 -25212.1606523
1352.49625024 -26563.8736854 -25211.3774352
1351.68622061 -26562.3595048 -25210.6732842
1351.09069238 -26560.8208697 -25209.7301773
1350.80182373 -26560.1085277 -25209.306704
1350.87765763 -26560.2067363 -25209.3290787
1351.32824572 -26561.2160743 -25209.8878286
1352.1190445 -26562.71477 -25210.5957255
1353.1891178 -26564.7363416 -25211.5472238
1354.47137935 -26567.1133186 -25212.6419392
1355.90950132 -26569.9037334 -25213.994232
1357.464161 -26572.9254554 -25215.4612944
1359.11020847 -26576.478845 -25217.3686365
1360.83089433 -26579.7568152 -25218.9259209
1362.60897619 -26583.396961 -25220.7879848
1364.42115357 -26587.1210057 -25222.6998521
1366.24095478 -26590.7939381 -25224.5529833
1368.04129278 -26594.6645955 -25226.6233027
1369.80044373 -26598.1980811 -25228.3976373
1371.51020076 -26601.4136105 -25229.9034098
1373.18101528 -26604.6458329 -25231.4648176
1374.84188478 -26607.7298031 -25232.8879183
1376.53445345 -26611.3756378 -25234.8411843
1378.30329758 -26615.1827561 -25236.8794585
1380.18286395 -26619.1095342 -25238.9266702
1382.18377489 -26623.0674082 -25240.8836333
1384.28635114 -26627.709005 -25243.4226539
1386.44141705 -26631.9821563 -25245.5407392
1388.57699376 -26636.2924786 -25247.7154849
1390.61333169 -26640.4776212 -25249.8642895
1392.47884116 -26644.0725387 -25251.5936975
1394.12084606 -26647.312736 -25253.19189
1395.51296889 -26650.2956812 -25254.7827123
1396.65630055 -26652.6817659 -25256.0254654
1397.57006916 -26654.5558704 -25256.9858012
1398.277948 -26656.1094519 -25257.8315039
1398.79491692 -26657.0090771 -25258.2141601
1399.11842251 -26657.6063673 -25258.4879448
1399.22626149 -26657.7825918 -25258.5563303
1399.07849981 -26657.5153129 -25258.436813
1398.6284385 -26656.2336578 -25257.6052193
1397.83604847 -26654.7940703 -25256.9580219
1396.67869143 -26652.2940143 -25255.6153228
1395.16006656 -26649.3722267 -25254.2121601
1393.31563928 -26645.475005 -25252.1593657
1391.21251316 -26641.4299501 -25250.2174369
1388.939283 -26636.9397784 -25248.0004954
1386.59460186 -26632.217814 -25245.6232121
1384.27351541 -26627.3514589 -25243.0779435
1382.05729358 -26622.9053692 -25240.8480756
1380.01228874 -26618.6019651 -25238.5896764
1378.19311382 -26614.9217023 -25236.7285885
1376.64961895 -26611.6511722 -25235.0015533
1375.43042815 -26609.1634176 -25233.7329895
1374.58374876 -26607.5704559 -25232.9867072
1374.15323221 -26606.6243289 -25232.4710967
1374.17079609 -26606.6575499 -25232.4867538
1374.65169628 -26607.7770888 -25233.1253925
1375.59035564 -26609.6880501 -25234.0976944
1376.95913343 -26612.6785008 -25235.7193674
1378.70877688 -26616.1489541 -25237.4401772
1380.77303377 -26620.3169494 -25239.5439156
1383.07042506 -26624.9246012 -25241.8541761
1385.50050911 -26629.7767435 -25244.2762344
1387.94432668 -26634.755873 -25246.8115463
1390.26727612 -26639.3599244 -25249.0926483
1392.32547344 -26643.4269617 -25251.1014883
1393.97853025 -26646.978023 -25252.9994928
1395.10826138 -26648.9857371 -25253.8774757
1395.63643209 -26650.1040095 -25254.4675774
1395.53946529 -26649.9192756 -25254.3798103
1394.85722893 -26648.5633102 -25253.7060813
1393.6918755 -26646.4049074 -25252.7130319
1392.19840487 -26643.1689283 -25250.9705234
1390.568337 -26639.9342703 -25249.3659333
1389.00654647 -26636.5627288 -25247.5561823
1387.70297214 -26633.943298 -25246.2403258
1386.80640874 -26632.0199059 -25245.2134972
1386.40519429 -26631.2070259 -25244.8018316
1386.51901724 -26631.4708949 -25244.9518776
1387.10190852 -26632.5747113 -25245.4728027
1388.05476737 -26634.6022329 -25246.5474655
1389.24520502 -26636.9870381 -25247.7418331
1390.52626886 -26639.4714384 -25248.9451696
1391.75047435 -26641.8767609 -25250.1262865
1392.78309094 -26644.2083116 -25251.4252206
1393.50928022 -26645.5006019 -25251.9913217
1393.83685716 -26646.0452732 -25252.208416
1393.69848768 -26646.0713975 -25252.3729098
1393.05176196 -26644.7955379 -25251.743776
1391.88011623 -26642.5630965 -25250.6829803
1390.19300586 -26639.2520595 -25249.0590536
1388.02258294 -26634.9134115 -25246.8908286
1385.41997887 -26629.7015732 -25244.2815943
1382.44803179 -26623.8702501 -25241.4222183
1379.17658568 -26617.6249662 -25238.4483805
1375.68095908 -26610.8125677 -25235.1316086
1372.04069559 -26603.5161209 -25231.4754253
1368.3406038 -26596.1894354 -25227.8488316
1364.66377406 -26588.9776831 -25224.3139091
1361.08222309 -26581.6692759 -25220.5870529
1357.64924761 -26574.7131676 -25217.06392
1354.39631883 -26568.0740231 -25213.6777042
1351.34181063 -26561.9355496 -25210.593739
1348.50570987 -26556.2762711 -25207.7705612
1345.92334696 -26551.0976457 -25205.1742988
1343.65359874 -26546.4583155 -25202.8047168
1341.77705243 -26542.5898731 -25200.8128207
1340.3829426 -26539.6563588 -25199.2734162
1339.54975737 -26537.8700167 -25198.3202593
1339.33048883 -26537.4421252 -25198.1116363
1339.74515428 -26538.3538095 -25198.6086552
1340.77784397 -26540.2526878 -25199.4748439
1342.3831029 -26543.3723599 -25200.989257
1344.49647096 -26547.4715965 -25202.9751255
1347.04300957 -26552.1772653 -25205.1342557
1349.94443363 -26557.9944414 -25208.0500078
1353.12201199 -26564.2743181 -25211.1523061
1356.49706665 -26571.1728227 -25214.6757561
1359.98738737 -26578.1319545 -25218.1445672
1363.50543039 -26585.2063441 -25221.7009137
1366.96061723 -26592.2527019 -25225.2920846
1370.2632659 -26598.8962353 -25228.6329694
1373.33121344 -26605.2771388 -25231.9459253
1376.09682972 -26610.8126418 -25234.7158121
1378.51321785 -26615.6473082 -25237.1340903
1380.55810329 -26619.8338842 -25239.2757809
1382.23383482 -26623.182784 -25240.9489491
1383.56284199 -26626.0371581 -25242.4743161
1384.58343573 -26628.2736957 -25243.69026
1385.34510578 -26630.1859715 -25244.8408657
1385.90311867 -26631.1839069 -25245.2807882
1386.31540567 -26632.2920287 -25245.976623
1386.63841485 -26633.1181042 -25246.4796893
1386.92636061 -26633.8815068 -25246.9551462
1387.23677303 -26634.6212086 -25247.3844355
1387.63499806 -26635.2231462 -25247.5881481
1388.19514754 -26636.4825329 -25248.2873854
1388.99472644 -26637.983764 -25248.9890376
1390.09998996 -26639.8993292 -25249.7993393
1391.5465517 -26642.8915982 -25251.3450465
1393.32492493 -26646.3606227 -25253.0356977
1395.37196013 -26650.3739249 -25255.0019647
1397.57504716 -26655.0520428 -25257.4769956
1399.79244938 -26659.4475231 -25259.6550737
1401.87952638 -26663.7643998 -25261.8848734
1403.71011824 -26667.549619 -25263.8395008
1405.19192856 -26670.5720326 -25265.380104
1406.26478947 -26672.7956919 -25266.5309024
1406.88794295 -26673.9343888 -25267.0464459
1407.03209473 -26674.0913408 -25267.0592461
1406.67417037 -26673.3795231 -25266.7053528
1405.79740821 -26671.7017339 -25265.9043257
1404.40169896 -26668.983134 -25264.581435
1402.51388545 -26665.3951927 -25262.8813073
1400.19187209 -26660.8383612 -25260.6464891
1397.52462877 -26655.5873728 -25258.062744
1394.62765672 -26649.7251573 -25255.0975006
1391.63427159 -26643.6787484 -25252.0444769
1388.68097312 -26637.5118614 -25248.8308883
1385.89318152 -26631.947584 -25246.0544024
1383.37644706 -26626.6813971 -25243.30495
1381.21484406 -26622.596475 -25241.3816309
1379.47512741 -26619.028759 -25239.5536316
1378.20781756 -26616.4299145 -25238.222097
1377.44809663 -26614.9822548 -25237.5341582
1377.21499308 -26614.6209252 -25237.4059321
1377.50279952 -26615.0293083 -25237.5265088
1378.27461856 -26616.5743384 -25238.2997199
1379.46104936 -26619.2208324 -25239.759783
1380.9617248 -26622.1931844 -25241.2314596
1382.65212748 -26625.4652635 -25242.8131361
1384.39437908 -26629.1243065 -25244.7299274
1386.04772504 -26632.5286455 -25246.4809204
1387.48391366 -26635.2362039 -25247.7522902
1388.60255605 -26637.4524407 -25248.8498846
1389.3428155 -26638.9049373 -25249.5621218
1389.68720329 -26639.6421458 -25249.9549425
1389.65840232 -26639.672536 -25250.0141337
1389.31388663 -26639.0686984 -25249.7548117
1388.73366119 -26637.9046295 -25249.1709683
1388.00121153 -26636.4147345 -25248.413523
1387.19137473 -26634.8608486 -25247.6694738
1386.36829459 -26633.170549 -25246.8022544
1385.57911224 -26631.2447404 -25245.6656282
1384.8518195 -26629.677555 -25244.8257355
1384.19345273 -26628.3926649 -25244.1992122
1383.58827393 -26627.0520706 -25243.4637966
1383.00277269 -26625.7748544 -25242.7720817
1382.39287753 -26624.463854 -25242.0709764
1381.71662585 -26622.8916125 -25241.1749867
1380.94917668 -26621.4679988 -25240.5188221
1380.0919112 -26619.7194222 -25239.627511
1379.17441299 -26617.9821514 -25238.8077384
1378.24893314 -26616.3091322 -25238.060199
1377.37656093 -26614.3636595 -25236.9870985
1376.61127876 -26612.7395519 -25236.1282731
1375.98800608 -26611.8356452 -25235.8476391
1375.51620904 -26611.1181559 -25235.6019469
1375.18336514 -26610.5612291 -25235.377864
1374.96680443 -26610.3332197 -25235.3664152
1374.84947985 -26610.145009 -25235.2955292
1374.83434737 -26610.2308733 -25235.396526
1374.94985248 -26610.2768051 -25235.3269526
1375.2482822 -26611.0148872 -25235.766605
1375.79099757 -26611.9594976 -25236.1685001
1376.62931416 -26613.4548062 -25236.8254921
1377.78562039 -26615.8588514 -25238.073231
1379.23720351 -26618.674078 -25239.4368745
1380.90995107 -26621.7887898 -25240.8788387
1382.68337885 -26625.1541922 -25242.4708133
1384.40662409 -26628.711525 -25244.3049009
1385.92103994 -26631.9072057 -25245.9861658
1387.08275448 -26634.4381291 -25247.3553746
1387.78436404 -26635.9442937 -25248.1599296
1387.97014361 -26636.2176147 -25248.2474711
1387.64032823 -26635.6018839 -25247.9615557
1386.84913586 -26634.1032358 -25247.2540999
1385.69178448 -26631.8919989 -25246.2002144
1384.28922168 -26629.0175796 -25244.7283579
1382.7711878 -26625.9508246 -25243.1796368
1381.25833271 -26623.0092855 -25241.7509528
1379.84954202 -26620.3399374 -25240.4903954
1378.61295399 -26617.750979 -25239.138025
1377.58311086 -26615.5282097 -25237.9450988
1376.76348411 -26613.564671 -25236.8011869
1376.13427983 -26611.9929965 -25235.8587167
1375.65592585 -26610.9479316 -25235.2920057
1375.2733968 -26610.444784 -25235.1713872
1374.92332766 -26609.7534421 -25234.8301144
1374.54004796 -26609.0330932 -25234.4930453
1374.06669016 -26607.8328121 -25233.7661219
1373.46397965 -26606.0952394 -25232.6312598
1372.72097767 -26604.6665885 -25231.9456108
1371.86406758 -26603.086081 -25231.2220134
1370.96063943 -26601.1698902 -25230.2092508
1370.11553548 -26599.5003014 -25229.3847659
1369.45760685 -26598.4284657 -25228.9708589
1369.11968247 -26597.7155303 -25228.5958479
1369.21867877 -26597.7462274 -25228.5275487
1369.83947046 -26598.8486109 -25229.0091405
1371.0202065 -26601.2564513 -25230.2362448
1372.74622886 -26604.9021193 -25232.1558905
1374.95559183 -26609.184828 -25234.2292362
1377.54754019 -26614.6744163 -25237.1268761
1380.39503321 -26620.2817116 -25239.8866784
1383.36630522 -26626.6261836 -25243.2598784
1386.34230595 -26632.6255628 -25246.2832568
1389.23208922 -26638.4553114 -25249.2232222
1391.98249282 -26643.8372005 -25251.8547076
1394.57663296 -26649.2379204 -25254.6612874
1397.02922205 -26654.2109642 -25257.1817421
1399.37770251 -26658.9222674 -25259.5445649
1401.67012277 -26663.5148658 -25261.8447431
1403.95228585 -26668.2521063 -25264.2998205
1406.25502575 -26673.0258505 -25266.7708247
1408.58458897 -26677.8347685 -25269.2501796
1410.91627806 -26682.5334467 -25271.6171686
1413.19463729 -26687.0176293 -25273.822992
1415.33832342 -26691.2125994 -25275.874276
1417.2508646 -26695.1911429 -25277.9402783
1418.83295366 -26698.2320028 -25279.3990491
1419.99392199 -26700.778686 -25280.784764
1420.66288542 -26701.9436914 -25281.280806
1420.79576623 -26702.226638 -25281.4308718
1420.37726783 -26701.328396 -25280.9511282
1419.41996289 -26699.1326335 -25279.7126706
1417.96312172 -26696.2484298 -25278.2853081
1416.06910983 -26692.5101177 -25276.4410079
1413.81882529 -26687.9918238 -25274.1729985
1411.30584326 -26682.8644294 -25271.5585862
1408.62826873 -26677.3940296 -25268.7657608
1405.88409329 -26671.7680607 -25265.8839674
1403.16910287 -26666.35734 -25263.1882372
1400.57331321 -26661.290316 -25260.7170028
1398.17778858 -26656.3649765 -25258.187188
1396.05092258 -26652.008303 -25255.9573804
1394.24406184 -26648.4281724 -25254.1841106
1392.78627373 -26645.6840178 -25252.8977441
1391.67942337 -26643.794842 -25252.1154186
1390.89461608 -26642.3375306 -25251.4429145
1390.37800916 -26641.1806922 -25250.802683
1390.06062108 -26640.4901513 -25250.4295302
1389.86800507 -26640.3673835 -25250.4993784
1389.73311002 -26639.8072318 -25250.0741218
1389.6052892 -26639.6979298 -25250.0926406
1389.45085089 -26639.1695923 -25249.7187414
1389.24951849 -26638.8736556 -25249.6241371
1388.98878732 -26638.4518409 -25249.4630536
1388.65419935 -26637.8091355 -25249.1549361
1388.22168336 -26636.8240167 -25248.6023334
1387.6547252 -26635.5641861 -25247.9094609
1386.90895422 -26634.1322062 -25247.223252
1385.94435366 -26632.2226203 -25246.2782666
1384.74501143 -26629.7924657 -25245.0474543
1383.33726045 -26627.1022031 -25243.7649426
1381.79717683 -26623.9620123 -25242.1648355
1380.25023043 -26620.8329078 -25240.5826774
1378.85431357 -26618.2807032 -25239.4263896
1377.77120497 -26616.0288466 -25238.2576417
1377.14046807 -26614.8510471 -25237.710579
1377.05894493 -26614.4514699 -25237.392525
1377.56423914 -26615.5544016 -25237.9901625
1378.62497736 -26617.4126934 -25238.787716
1380.13840517 -26620.4085294 -25240.2701243
1381.93353551 -26623.9519747 -25242.0184392
1383.78549239 -26627.6805693 -25243.8950769
1385.4422669 -26631.054731 -25245.6124641
1386.65856422 -26633.8475069 -25247.1889427
1387.23366835 -26635.0578305 -25247.8241622
1387.04489841 -26634.7503854 -25247.705487
1386.06619068 -26632.9165035 -25246.8503128
1384.36965431 -26629.3910511 -25245.0213968
1382.11675415 -26624.7886221 -25242.671868
1379.53492359 -26619.8511749 -25240.3162513
1376.88346909 -26614.2336448 -25237.3501757
1374.41575337 -26609.1975917 -25234.7818383
1372.34184024 -26604.9959099 -25232.6540696
1370.80512529 -26602.1086827 -25231.3035574
1369.87605018 -26600.2804768 -25230.4044266
1369.56473533 -26599.3262507 -25229.7615154
1369.84907583 -26599.6536919 -25229.8046161
1370.69982277 -26601.3793786 -25230.6795559
1372.0924565 -26604.0546784 -25231.9622219
1374.00383604 -26607.8279798 -25233.8241438
1376.39584951 -26612.6185703 -25236.2227208
1379.20139381 -26618.1668048 -25238.965411
1382.31606702 -26624.0181773 -25241.7021103
1385.59950871 -26630.7378223 -25245.1383136
1388.89510376 -26637.1836949 -25248.2885911
1392.05339175 -26643.4024463 -25251.3490546
1394.95319889 -26648.9869105 -25254.0337116
1397.5153637 -26653.9731743 -25256.4578106
1399.70370382 -26658.4888374 -25258.7851336
1401.51672952 -26662.0959087 -25260.5791791
1402.97347693 -26665.1907347 -25262.2172578
1404.1002275 -26667.3583416 -25263.2581141
1404.9214818 -26668.9311442 -25264.0096624
1405.45589872 -26669.8425174 -25264.3866187
1405.71485004 -26670.1580659 -25264.4432158
1405.7041936 -26670.0238837 -25264.3196901
1405.42505354 -26669.5318653 -25264.1068118
1404.87614925 -26668.4791774 -25263.6030281
1404.05717374 -26666.9450998 -25262.8879261
1402.96978445 -26664.7615279 -25261.7917435
1401.61966791 -26662.1112941 -25260.4916262
1400.0169423 -26659.0379391 -25259.0209968
1398.17546555 -26655.1812523 -25257.0057867
1396.10947815 -26651.0619369 -25254.9524588
1393.83296021 -26646.4251493 -25252.5921891
1391.359999 -26641.5521647 -25250.1921657
1388.7020908 -26636.1079505 -25247.4058597
1385.87239737 -26630.2533512 -25244.3809539
1382.88957791 -26624.3155444 -25241.4259665
1379.7789055 -26618.2244972 -25238.4455917
1376.5776324 -26611.9060031 -25235.3283707
1373.33951926 -26605.4225993 -25232.08308
1370.13563568 -26599.2363348 -25229.1006991
1367.05263691 -26593.0300474 -25225.9774105
1364.18780975 -26587.229222 -25223.0414122
1361.64362126 -26582.1830721 -25220.5394508
1359.51763758 -26578.0642039 -25218.5465663
1357.89254237 -26574.5923236 -25216.6997812
1356.83153944 -26572.6463151 -25215.8147757
1356.37595545 -26571.4956928 -25215.1197374
1356.55022168 -26571.933262 -25215.3830403
1357.36688035 -26573.6040987 -25216.2372183
1358.82855413 -26576.349735 -25217.5211809
1360.93107094 -26580.6085125 -25219.6774415
1363.65962274 -26586.0618336 -25222.4022109
1366.9798639 -26592.730864 -25225.7510002
1370.82563143 -26600.4423198 -25229.6166884
1375.08562953 -26608.9583981 -25233.8727686
1379.59362367 -26617.798134 -25238.2045103
1384.13108915 -26626.6567564 -25242.5256672
1388.45072122 -26635.5694641 -25247.1187428
1392.31443872 -26643.1403315 -25250.8258928
1395.52790941 -26649.3571987 -25253.8292892
1397.96284526 -26653.8361929 -25255.8733477
1399.56328697 -26657.1664611 -25257.6031741
1400.33457484 -26658.766513 -25258.4319381
1400.3273544 -26658.6424878 -25258.3151334
1399.6219709 -26657.0544071 -25257.4324362
1398.31570814 -26654.3311106 -25256.0154025
1396.51426748 -26650.9380431 -25254.4237756
1394.32352704 -26646.604078 -25252.280551
1391.84340831 -26642.0584693 -25250.215061
1389.16341229 -26636.6754181 -25247.5120058
1386.35954919 -26631.0240843 -25244.6645351
1383.4981203 -26625.3629879 -25241.8648676
1380.64085284 -26619.6436468 -25239.002794
1377.85257943 -26614.038362 -25236.1857826
1375.20874515 -26608.6299337 -25233.4211885
1372.79948952 -26603.6078803 -25230.8083908
1370.72428279 -26599.2233148 -25228.499032
1369.08038814 -26596.0089116 -25226.9285234
1367.94753566 -26593.7092128 -25225.7616772
1367.36469563 -26592.8507429 -25225.4860472
1367.31924523 -26592.8563698 -25225.5371246
1367.75698741 -26593.6445769 -25225.8875895
1368.60687976 -26595.4480681 -25226.8411884
1369.80747862 -26597.8743793 -25228.0669007
1371.31784949 -26600.8967161 -25229.5788666
1373.11011635 -26604.4383596 -25231.3282433
1375.15155256 -26608.5260159 -25233.3744633
1377.38433158 -26612.8833452 -25235.4990136
1379.71253114 -26617.400011 -25237.6874798
1382.00129328 -26622.2284641 -25240.2271708
1384.08797726 -26626.3790413 -25242.2910641
1385.80307688 -26629.9259627 -25244.1228858
1386.99277232 -26632.5954786 -25245.6027063
1387.54010385 -26633.6154084 -25246.0753046
1387.38218005 -26633.417338 -25246.035158
1386.52060805 -26631.5802161 -25245.0596081
1385.02372601 -26628.7030189 -25243.6792929
1383.01596826 -26624.4861117 -25241.4701434
1380.65910512 -26619.5993343 -25238.9402292
1378.13162899 -26614.4094958 -25236.2778668
1375.60437948 -26609.3218631 -25233.7174836
1373.21908548 -26604.4266711 -25231.2075856
1371.07631426 -26600.2165172 -25229.140203
1369.23388796 -26596.596224 -25227.3623361
1367.71090342 -26593.5513173 -25225.8404139
1366.49585897 -26591.2446197 -25224.7487607
1365.5613682 -26589.4689259 -25223.9075577
1364.87409444 -26588.2181808 -25223.3440864
1364.40010568 -26587.244819 -25222.8447133
1364.11046108 -26586.6695032 -25222.5590421
1363.98200056 -26586.2439615 -25222.2619609
1363.99705062 -26586.4926968 -25222.4956461
1364.14286318 -26587.0320921 -25222.8892289
1364.40898966 -26587.7823835 -25223.3733939
1364.78365432 -26588.2154761 -25223.4318218
1365.25009451 -26589.3529827 -25224.1028882
1365.78343529 -26590.4774367 -25224.6940014
1366.34985053 -26591.6240598 -25225.2742093
1366.91103244 -26592.7594881 -25225.8484556
1367.43012819 -26593.772026 -25226.3418978
1367.88233147 -26594.6850147 -25226.8026832
1368.26528686 -26595.5000285 -25227.2347417
1368.59921743 -26596.2147137 -25227.6154962
1368.92301554 -26596.8107877 -25227.8877722
1369.28338613 -26597.3773723 -25228.0939861
1369.72167147 -26598.3245079 -25228.6028364
1370.26604213 -26599.4629481 -25229.196906
1370.93069641 -26601.0585618 -25230.1278654
1371.72080354 -26603.0328156 -25231.3120121
1372.63954842 -26604.8307346 -25232.1911862
1373.69173824 -26607.000905 -25233.3091668
1374.88322222 -26609.3674868 -25234.4842645
1376.21952821 -26612.1147703 -25235.8952421
1377.6989915 -26615.2984853 -25237.5994938
1379.30811363 -26618.4079884 -25239.0998748
1381.02159402 -26622.3160985 -25241.2945045
1382.8013107 -26626.0005409 -25243.1992302
1384.59914818 -26629.6186313 -25245.0194831
1386.36488088 -26633.1409961 -25246.7761153
1388.05133926 -26636.6531402 -25248.601801
1389.62161397 -26639.6698926 -25250.0482787
1391.05401525 -26642.72175 -25251.6677348
1392.34329497 -26645.3072686 -25252.9639736
1393.4984164 -26647.6147465 -25254.1163301
1394.53784961 -26649.4963385 -25254.9584889
1395.48340152 -26651.3402045 -25255.856803
1396.35233472 -26652.9502144 -25256.5978797
1397.15040952 -26654.5107035 -25257.3602939
1397.86565541 -26655.773712 -25257.9080566
1398.46606648 -26656.9884105 -25258.522344
1398.9042857 -26657.8278461 -25258.9235604
1399.12676899 -26658.2418873 -25259.1151183
1399.08188683 -26658.1571655 -25259.0752786
1398.73193693 -26657.4224513 -25258.6905144
1398.06105271 -26655.8117385 -25257.7506858
1397.07910347 -26654.0451523 -25256.9660489
1395.8227831 -26651.5247976 -25255.7020145
1394.35070513 -26648.3856798 -25254.0349747
1392.73935515 -26645.1444892 -25252.4051341
1391.07634605 -26641.9414205 -25250.8650744
1389.45321817 -26638.534784 -25249.0815658
1387.95850326 -26635.7366604 -25247.7781571
1386.66957582 -26632.8979143 -25246.2283384
1385.64624693 -26630.6977372 -25245.0514903
1384.92426912 -26629.0826391 -25244.1583699
1384.5124647 -26628.3442353 -25243.8317706
1384.39106057 -26628.1373461 -25243.7462855
1384.51376927 -26628.1985639 -25243.6847947
1384.8130152 -26628.8307679 -25244.0177527
1385.20809782 -26629.2687602 -25244.0606624
1385.61492713 -26629.9224724 -25244.3075453
1385.9544436 -26630.8932453 -25244.9388017
1386.16394007 -26631.1162966 -25244.9523566
1386.20625367 -26630.9419907 -25244.735737
1386.07202326 -26630.6411439 -25244.5691206
1385.78001472 -26630.1861474 -25244.4061326
1385.36930409 -26629.3140106 -25243.9447065
1384.8844153 -26628.3534649 -25243.4690496
1384.36275896 -26627.2560444 -25242.8932854
1383.82150336 -26626.2127759 -25242.3912725
1383.25074593 -26625.1288953 -25241.8781494
1382.61844747 -26623.7965885 -25241.178141
1381.87853232 -26622.2715524 -25240.3930201
1380.98478884 -26620.3543478 -25239.3695589
1379.90818044 -26618.0973456 -25238.1891652
1378.64736911 -26615.8250414 -25237.1776723
1377.23144927 -26613.1568702 -25235.925421
1375.71176271 -26610.1092977 -25234.397535
1374.14574504 -26606.9411174 -25232.7953724
1372.58059132 -26603.5253706 -25230.9447793
1371.04188623 -26600.3284075 -25229.2865213
1369.53361871 -26597.1935761 -25227.6599574
1368.05165803 -26594.4384584 -25226.3868003
1366.59947552 -26591.3598429 -25224.7603674
1365.20167953 -26588.4089404 -25223.2072609
1363.90914684 -26585.8671581 -25221.9580113
1362.79295733 -26583.4822803 -25220.689323
1361.93286855 -26581.7970604 -25219.8641918
1361.39957396 -26580.5230423 -25219.1234683
1361.24159208 -26580.4860134 -25219.2444213
1361.4810982 -26581.0535531 -25219.5724549
1362.11534403 -26582.5915531 -25220.4762091
1363.1246728 -26584.813527 -25221.6888542
1364.48288237 -26587.3901488 -25222.9072664
1366.16198194 -26590.6020188 -25224.4400369
1368.12876596 -26594.5983449 -25226.4695789
1370.33575313 -26598.7952074 -25228.4594543
1372.71492699 -26603.7195232 -25231.0045962
1375.17555801 -26608.4895891 -25233.3140311
1377.60777826 -26613.3891312 -25235.7813529
1379.89669903 -26618.149751 -25238.253052
1381.93805954 -26622.4350649 -25240.4970054
1383.6515138 -26625.7326181 -25242.0811043
1384.98820275 -26628.577374 -25243.5891712
1385.9317091 -26630.6107591 -25244.67905
1386.4924629 -26631.459467 -25244.9670041
1386.70095042 -26632.093887 -25245.3929366
1386.59937951 -26631.995294 -25245.3959145
1386.23247449 -26630.9575356 -25244.7250611
1385.64510172 -26629.9493969 -25244.3042952
1384.87944785 -26628.5693619 -25243.6899141
1383.97597554 -26626.9442218 -25242.9682463
1382.97626764 -26624.8798541 -25241.9035865
1381.92361242 -26622.7314519 -25240.8078395
1380.86586624 -26620.3190882 -25239.4532219
1379.85542268 -26618.3071267 -25238.451704
1378.94721066 -26616.4101387 -25237.462928
1378.19308213 -26614.6957324 -25236.5026503
1377.63759745 -26613.5060637 -25235.8684663
1377.31594067 -26613.1432629 -25235.8273222
1377.25170268 -26613.2729623 -25236.0212597
1377.45785555 -26613.6174392 -25236.1595837
1377.93824973 -26614.3330486 -25236.3947988
1378.68871564 -26615.9320537 -25237.243338
1379.6967799 -26617.9579187 -25238.2611388
1380.94161969 -26620.3768062 -25239.4351865
1382.39343251 -26623.2701253 -25240.8766928
1384.01301242 -26626.6195668 -25242.6065544
1385.75174525 -26630.0752958 -25244.3235506
1387.54709172 -26633.5571696 -25246.0100778
1389.31971097 -26637.2620455 -25247.9423346
1390.97308469 -26640.1811653 -25249.2080806
1392.39640876 -26642.9538322 -25250.5574234
1393.47282335 -26644.9044074 -25251.4315841
1394.09207682 -26646.1393194 -25252.0472426
1394.16746754 -26646.310689 -25252.1432214
1393.64799282 -26644.9598632 -25251.3118704
1392.52606542 -26642.726208 -25250.2001426
1390.83678847 -26639.1826206 -25248.3458321
1388.64918443 -26634.7512935 -25246.102109
1386.05267073 -26629.7103599 -25243.6576891
1383.1415797 -26623.817439 -25240.6758593
1380.00630102 -26617.6428098 -25237.6365088
1376.72692911 -26610.8325595 -25234.1056304
1373.37176829 -26604.2211054 -25230.8493372
1370.00109764 -26597.6692782 -25227.6681805
1366.67116094 -26591.0123115 -25224.3411505
1363.43702639 -26584.1225515 -25220.6855251
1360.35421556 -26577.9667015 -25217.6124859
1357.47693486 -26572.2972735 -25214.8203387
1354.85342541 -26566.9125643 -25212.0591389
1352.52045365 -26562.0747326 -25209.5542789
1350.49621898 -26558.0733392 -25207.5771202
1348.77323359 -26554.6194082 -25205.8461746
1347.31685775 -26551.5749753 -25204.2581175
1346.06935982 -26548.9646513 -25202.8952915
1344.95948001 -26546.7708274 -25201.8113474
1343.91733255 -26544.6439866 -25200.726654
1342.88486978 -26542.7346837 -25199.8498139
1341.82218537 -26540.6944925 -25198.8723071
1340.71245826 -26538.371551 -25197.6590928
1339.55892094 -26536.0846285 -25196.5257075
1338.38267378 -26533.5487954 -25195.1661217
1337.22436756 -26530.9416387 -25193.7172711
1336.14724829 -26528.8654242 -25192.718176
1335.24103858 -26527.104979 -25191.8639404
1334.61573287 -26525.6739998 -25191.0582669
1334.38665566 -26525.4238773 -25191.0372216
1334.65752398 -26525.9332377 -25191.2757138
1335.4952876 -26527.746561 -25192.2512734
1336.91314164 -26530.7355888 -25193.8224472
1338.86783656 -26534.8789187 -25196.0110821
1341.26983201 -26539.7555149 -25198.4856829
1344.00247173 -26545.4506182 -25201.4481464
1346.94024962 -26551.3459927 -25204.4057431
1349.96604456 -26557.6895008 -25207.7234563
1352.97879846 -26563.8415841 -25210.8627856
1355.89289327 -26569.7583446 -25213.8654513
1358.63294558 -26575.5280788 -25216.8951332
1361.12708443 -26580.2923054 -25219.1652209
1363.30323122 -26584.7637431 -25221.4605119
1365.09134184 -26588.4067345 -25223.3153926
1366.42920137 -26590.9754934 -25224.546292
1367.27165224 -26592.6764714 -25225.4048192
1367.60153249 -26593.506089 -25225.9045565
1367.4372394 -26592.9760929 -25225.5388535
1366.83440323 -26591.62387 -25224.7894668
1365.88521434 -26590.0080219 -25224.1228076
1364.71139924 -26587.7615595 -25223.0501603
1363.44918156 -26585.2939162 -25221.8447347
1362.23470384 -26582.8864768 -25220.651773
1361.19036689 -26580.6295636 -25219.4391967
1360.41389963 -26579.0162931 -25218.6023935
1359.97581261 -26578.0461351 -25218.0703224
1359.92360977 -26578.3190627 -25218.3954529
1360.2873484 -26579.0881404 -25218.800792
1361.0890586 -26580.755753 -25219.6666944
1362.35263741 -26583.3459331 -25220.9932956
1364.10323895 -26586.6941509 -25222.590912
1366.36215384 -26591.1654243 -25224.8032704
1369.13872912 -26596.7632724 -25227.6245433
1372.42005801 -26603.2993711 -25230.8793131
1376.16213898 -26610.6790219 -25234.5168829
1380.28672434 -26618.894269 -25238.6075446
1384.68487341 -26627.9583704 -25243.273497
1389.22304879 -26637.021485 -25247.7984362
1393.75458322 -26646.182563 -25252.4279798
1398.13185553 -26655.0181979 -25256.8863424
1402.21527573 -26663.1753604 -25260.9600846
1405.88302059 -26670.4381992 -25264.5551786
1409.03989927 -26676.7876726 -25267.7477733
1411.6217647 -26681.9384428 -25270.3166781
1413.59507903 -26685.9137145 -25272.3186355
1414.95588096 -26688.7286684 -25273.7727874
1415.72311424 -26690.6162718 -25274.8931576
1415.92918559 -26691.1424075 -25275.2132219
1415.61414793 -26690.3815293 -25274.7673813
1414.82020649 -26688.7374828 -25273.9172763
1413.58585744 -26686.2072675 -25272.6214101
1411.94289182 -26683.0388341 -25271.0959423
1409.9195058 -26678.9471536 -25269.0276478
1407.54540528 -26674.1455992 -25266.6001939
1404.85771604 -26669.050313 -25264.192597
1401.90795271 -26663.1818305 -25261.2738778
1398.76582181 -26657.0602222 -25258.2944004
1395.51792952 -26650.3247548 -25254.8068253
1392.26159738 -26643.5708721 -25251.3092748
1389.09400609 -26637.1386211 -25248.044615
1386.09805667 -26631.1407039 -25245.0426473
1383.32871215 -26625.8466346 -25242.5179224
1380.80798821 -26620.8395579 -25240.0315697
1378.52635737 -26616.4394263 -25237.9130689
1376.45167887 -26611.887879 -25235.4362001
1374.54508895 -26608.2213399 -25233.6762509
1372.77473578 -26604.8687715 -25232.0940357
1371.12570424 -26601.651922 -25230.5262177
1369.60413539 -26598.5689018 -25228.9647664
1368.23188101 -26595.7469218 -25227.5150407
1367.03725403 -26593.2643776 -25226.2271236
1366.04953659 -26591.1969156 -25225.147379
1365.29479831 -26589.4833596 -25224.1885613
1364.79795715 -26588.3740803 -25223.5761232
1364.58509496 -26587.9371966 -25223.3521017
1364.68506173 -26588.0807225 -25223.3956607
1365.12846975 -26588.8364908 -25223.708021
1365.93864521 -26590.499323 -25224.5606778
1367.12058603 -26592.9462749 -25225.8256889
1368.65228734 -26595.946744 -25227.2944566
1370.48290418 -26599.7347288 -25229.2518246
1372.54030688 -26603.7156782 -25231.1753713
1374.74633447 -26608.1565903 -25233.4102559
1377.030988 -26612.6410463 -25235.6100583
1379.34274454 -26617.3326997 -25237.9899551
1381.65107282 -26621.9042026 -25240.2531298
1383.9388975 -26626.7245971 -25242.7856996
1386.18981758 -26631.108621 -25244.9188034
1388.37813254 -26635.6763506 -25247.298218
1390.45921192 -26639.995085 -25249.5358731
1392.36584388 -26643.8491972 -25251.4833534
1394.01245408 -26647.0958311 -25253.083377
1395.30193644 -26649.2563034 -25253.954367
1396.13794602 -26650.7176495 -25254.5797035
1396.43897514 -26651.4701204 -25255.0311453
1396.14896195 -26650.8050627 -25254.6561008
1395.2491362 -26649.0647189 -25253.8155827
1393.7641913 -26645.8349945 -25252.0708032
1391.76050717 -26641.9052548 -25250.1447476
1389.34259643 -26637.0251061 -25247.6825096
1386.64299543 -26631.6090322 -25244.9660368
1383.80819117 -26626.0342346 -25242.2260434
1380.9826618 -26620.2409014 -25239.2582396
1378.29461823 -26614.8091355 -25236.5145173
1375.84486465 -26609.8277918 -25233.9829272
1373.70475028 -26605.5058926 -25231.8011423
1371.91814485 -26601.9319048 -25230.01376
1370.50524495 -26599.0780853 -25228.5728404
1369.46789489 -26597.2873889 -25227.819494
1368.7934859 -26596.1873801 -25227.3938942
1368.4580708 -26595.3644353 -25226.9063645
1368.42471041 -26595.245107 -25226.8203966
1368.64300527 -26595.8522141 -25227.2092088
1369.04841024 -26596.9407051 -25227.8922949
1369.56483984 -26597.9983576 -25228.4335177
1370.11206239 -26598.9680775 -25228.8560152
1370.61268489 -26599.8138527 -25229.2011678
1371.00086679 -26600.6324893 -25229.6316225
1371.22920072 -26600.9942863 -25229.7650856
1371.27469784 -26600.69767 -25229.4229721
1371.14251974 -26600.6671048 -25229.524585
1370.86080585 -26600.2835654 -25229.4227596
1370.47275488 -26599.5830128 -25229.1102579
1370.02766155 -26598.8497513 -25228.8220897
1369.57195545 -26597.9487725 -25228.376817
1369.14223517 -26596.8774702 -25227.7352351
1368.7582912 -26596.2589416 -25227.5006504
1368.42126191 -26595.5799314 -25227.1586695
1368.11548363 -26594.8756969 -25226.7602133
1367.80827647 -26594.014907 -25226.2066305
1367.45195162 -26593.1316706 -25225.679719
1366.98979757 -26592.1410644 -25225.1512668
1366.36508581 -26590.9883516 -25224.6232658
1365.53189726 -26589.3268431 -25223.7949459
1364.46399558 -26587.147664 -25222.6836684
1363.16346856 -26584.5509708 -25221.3875023
1361.66179857 -26581.6372824 -25219.9754839
1360.02127425 -26578.1381849 -25218.1169106
1358.33033151 -26574.7443654 -25216.4140339
1356.69206048 -26571.5817017 -25214.8896413
1355.21597701 -26568.7812083 -25213.5652313
1354.00534842 -26566.4912366 -25212.4858882
1353.14526924 -26564.5925148 -25211.4472456
1352.69997365 -26564.0177533 -25211.3177796
1352.71159123 -26564.127303 -25211.4157118
1353.20208228 -26565.1591875 -25211.9571052
1354.18094658 -26567.0867411 -25212.9057946
1355.64967597 -26569.7490098 -25214.0993338
1357.60378965 -26573.7308028 -25216.1270131
1360.03174162 -26578.6991155 -25218.6673738
1362.90843449 -26584.3965389 -25221.4881044
1366.18797151 -26590.8130049 -25224.6250334
1369.79845822 -26598.2754407 -25228.4769825
1373.63980709 -26605.9648316 -25232.3250245
1377.58436659 -26614.1756286 -25236.591262
1381.48209717 -26621.8923761 -25240.4102789
1385.17201062 -26629.2388153 -25244.0668047
1388.49496522 -26635.9986264 -25247.5036612
1391.30621208 -26641.5003463 -25250.1941342
1393.4874756 -26646.0955318 -25252.6080562
1394.95853432 -26649.116787 -25254.1582527
1395.6810928 -26650.8732735 -25255.1921807
1395.66157995 -26650.9092841 -25255.2477041
1394.94999317 -26649.6902331 -25254.7402399
1393.63177372 -26647.1808451 -25253.5490714
1391.82280674 -26643.71686 -25251.8940533
1389.66064521 -26639.4117871 -25249.7511419
1387.29321766 -26634.6659626 -25247.372745
1384.86765161 -26629.8877306 -25245.020079
1382.51909569 -26625.0132202 -25242.4941245
1380.36223026 -26620.7943356 -25240.4321053
1378.48294436 -26616.8517402 -25238.3687959
1376.93118366 -26613.6292061 -25236.6980225
1375.72033904 -26611.3303325 -25235.6099935
1374.83083291 -26609.439433 -25234.6086001
1374.21711371 -26608.2580441 -25234.0409304
1373.81476384 -26607.2702786 -25233.4555148
1373.5483771 -26606.7694626 -25233.2210855
1373.34141977 -26606.2606225 -25232.9192027
1373.12445102 -26605.4986667 -25232.3742157
1372.84080033 -26604.8252004 -25231.9844001
1372.44795129 -26604.3777462 -25231.929795
1371.92004894 -26602.786468 -25230.8664191
1371.24499038 -26601.6145184 -25230.369528
1370.42064805 -26599.7336471 -25229.312999
1369.45151314 -26597.9875729 -25228.5360598
1368.34416228 -26595.7041831 -25227.3600208
1367.10437781 -26593.1573495 -25226.0529717
1365.73430593 -26590.2612025 -25224.5268966
1364.23349 -26587.0888871 -25222.8553971
1362.5987622 -26583.7468552 -25221.148093
1360.82574985 -26580.2088501 -25219.3831002
1358.91404248 -26576.616722 -25217.7026795
1356.87000906 -26572.6312348 -25215.7612258
1354.71405362 -26568.4563395 -25213.7422859
1352.48934407 -26564.1258803 -25211.6365362
1350.26437028 -26559.924573 -25209.6602027
1348.13380399 -26555.5959601 -25207.4621561
1346.21785678 -26551.605406 -25205.3875492
1344.65339976 -26548.2502852 -25203.5968854
1343.5793149 -26546.1072488 -25202.5279339
1343.12303969 -26545.3230475 -25202.2000078
1343.38186685 -26545.8635186 -25202.4816518
1344.40686765 -26548.0998065 -25203.6929389
1346.19164819 -26551.4689043 -25205.2772561
1348.66814669 -26556.5107147 -25207.842568
1351.71312757 -26562.7396052 -25211.0264776
1355.16119905 -26569.3977141 -25214.236515
1358.82465557 -26576.5978406 -25217.773185
1362.5164463 -26584.074903 -25221.5584567
1366.07130616 -26591.3111235 -25225.2398173
1369.35747833 -26597.7069554 -25228.3494771
1372.28003006 -26603.4083754 -25231.1283453
1374.77870285 -26608.3026224 -25233.5239196
1376.82284846 -26612.5683903 -25235.7455419
1378.40237728 -26615.7541906 -25237.3518134
1379.5232353 -26617.9923232 -25238.4690879
1380.20408886 -26619.1942491 -25238.9901603
1380.47195238 -26619.978455 -25239.5065026
1380.36641435 -26619.8646457 -25239.4982313
1379.94168295 -26619.0375306 -25239.0958477
1379.2674967 -26617.9611694 -25238.6936727
1378.43028812 -26616.6547512 -25238.224463
1377.52910738 -26614.7505633 -25237.2214559
1376.66996056 -26612.871305 -25236.2013445
1375.95824472 -26611.3108725 -25235.3526278
1375.49074232 -26610.4486575 -25234.9579151
1375.34906307 -26610.0705943 -25234.7215313
1375.59200828 -26610.3388906 -25234.7468823
1376.24890714 -26611.9601492 -25235.711242
1377.31753327 -26614.3193076 -25237.0017743
1378.76647325 -26617.1295746 -25238.3631014
1380.5391656 -26620.7453364 -25240.2061708
1382.56344142 -26625.0873209 -25242.5238795
1384.76213093 -26629.3973269 -25244.635196
1387.06392866 -26634.0678711 -25247.0039425
1389.41305631 -26638.5103738 -25249.0973175
1391.77324624 -26643.4858075 -25251.7125612
1394.12817983 -26648.0608238 -25253.9326439
1396.47796637 -26652.7285364 -25256.25057
1398.83022901 -26657.378942 -25258.548713
1401.19340029 -26662.2530361 -25261.0596358
1403.56982758 -26667.0291195 -25263.4592919
1405.94686573 -26671.6591632 -25265.7122974
1408.29588798 -26676.1250364 -25267.8291485
1410.5741829 -26680.5695905 -25269.9954076
1412.72769399 -26684.9960202 -25272.2683262
1414.69591818 -26689.014449 -25274.3185309
1416.41850048 -26692.4370702 -25276.0185697
1417.84329603 -26695.389354 -25277.546058
1418.92786716 -26697.8603946 -25278.9325275
1419.64231042 -26699.4848763 -25279.8425659
1419.97041737 -26700.1640179 -25280.1936005
1419.90977294 -26699.9895563 -25280.0797833
1419.4740258 -26699.1830825 -25279.7090567
1418.68931742 -26697.4759597 -25278.7866423
1417.59270729 -26695.3072478 -25277.7145405
1416.23004955 -26692.733641 -25276.5035914
1414.65015239 -26689.5385351 -25274.8883827
1412.89864049 -26685.8748531 -25272.9762126
1411.01583961 -26682.061602 -25271.0457624
1409.03319733 -26678.1100124 -25269.076815
1406.97330377 -26674.1754132 -25267.2021094
1404.85151644 -26669.8568246 -25265.0053082
1402.6814401 -26665.411345 -25262.7299049
1400.48245067 -26660.944119 -25260.4616683
1398.2799962 -26656.4530988 -25258.1731026
1396.10345827 -26652.3345698 -25256.2311116
1393.98453047 -26648.2195507 -25254.2350202
1391.95255919 -26644.1544923 -25252.2019331
1390.02562003 -26640.3762681 -25250.3506481
1388.20564062 -26636.858417 -25248.6527764
1386.47744359 -26633.2219704 -25246.7445268
1384.81031173 -26629.7746773 -25244.9643656
1383.16671643 -26626.501647 -25243.3349306
1381.51344005 -26623.259077 -25241.7456369
1379.8346522 -26619.9913172 -25240.156665
1378.14254143 -26616.4772165 -25238.3346751
1376.47960395 -26612.971821 -25236.4922171
1374.91792106 -26609.8824968 -25234.9645758
1373.54689021 -26607.1448003 -25233.5979101
1372.4519176 -26604.9478951 -25232.4959775
1371.69402459 -26603.2577425 -25231.563718
1371.29664426 -26602.4433541 -25231.1467099
1371.24292007 -26602.1638621 -25230.920942
1371.48190124 -26602.6285435 -25231.1466422
1371.94256097 -26603.5064276 -25231.5638667
1372.55132788 -26604.7609577 -25232.2096299
1373.24546374 -26606.1759478 -25232.9304841
1373.98025715 -26607.9736611 -25233.993404
1374.73498472 -26609.6140832 -25234.8790985
1375.51200161 -26611.1326912 -25235.6206896
1376.33444111 -26612.8285995 -25236.4941584
1377.24477428 -26614.6100915 -25237.3653172
1378.29608202 -26616.7849385 -25238.4888565
1379.5399493 -26618.930331 -25239.3903817
1381.01589158 -26621.7872523 -25240.7713607
1382.74070228 -26625.5854586 -25242.8447564
1384.70359683 -26629.3209751 -25244.6173783
1386.86547165 -26633.69526 -25246.8297884
1389.16189549 -26638.3710332 -25249.2091377
1391.51092053 -26643.1616778 -25251.6507573
1393.82063883 -26647.8431208 -25254.022482
1395.99918597 -26652.0678453 -25256.0686593
1397.96274218 -26655.9807619 -25258.0180197
1399.64257645 -26659.5091182 -25259.8665418
1400.99145546 -26662.2984912 -25261.3070357
1401.98914405 -26664.3736289 -25262.3844849
1402.64623277 -26665.8249502 -25263.1787175
1402.99823546 -26666.2463382 -25263.2481027
1403.09627971 -26666.1663527 -25263.070073
1402.9957294 -26666.0861059 -25263.0903765
1402.74719997 -26665.7261639 -25262.978964
1402.39089873 -26664.518853 -25262.1279543
1401.95344146 -26663.4481683 -25261.4947269
1401.45583571 -26662.3391098 -25260.8832741
1400.92064874 -26661.4589516 -25260.5383029
1400.37818532 -26660.4132009 -25260.0350156
1399.86744705 -26659.490291 -25259.622844
1399.43199227 -26658.7774069 -25259.3454146
1399.11637766 -26658.0743602 -25258.9579825
1398.95755067 -26657.7381446 -25258.7805939
1398.97894724 -26657.7577831 -25258.7788358
1399.18556239 -26658.1355953 -25258.9500329
1399.56385744 -26658.6961066 -25259.1322491
1400.08320527 -26659.6439943 -25259.560789
1400.69630799 -26660.9680681 -25260.2717601
1401.34334285 -26662.1742189 -25260.830876
1401.9525958 -26663.5005851 -25261.5479893
1402.43973387 -26664.182314 -25261.7425802
1402.71200367 -26664.9854772 -25262.2734735
1402.6729637 -26664.541088 -25261.8681243
1402.23112772 -26663.4144115 -25261.1832838
1401.31419215 -26661.5423434 -25260.2281512
1399.87904447 -26658.7770504 -25258.8980059
1397.92417247 -26654.8621633 -25256.9379908
1395.49764243 -26650.221163 -25254.7235206
1392.69237732 -26644.6015604 -25251.909183
1389.63457293 -26638.1773245 -25248.5427516
1386.46685606 -26631.7124719 -25245.2456158
1383.32769061 -26625.5689827 -25242.2412921
1380.33009044 -26619.3334464 -25239.0033559
1377.54668366 -26613.7641086 -25236.2174249
1375.00445258 -26608.9273374 -25233.9228848
1372.69018954 -26604.1775082 -25231.4873187
1370.56371524 -26599.878972 -25229.3152567
1368.57499782 -26595.6695409 -25227.0945431
1366.68151965 -26591.9747209 -25225.2932013
1364.85904377 -26588.060946 -25223.2019022
1363.10385021 -26584.5254256 -25221.4215754
1361.42808884 -26581.044427 -25219.6163382
1359.85038165 -26577.8792554 -25218.0288738
1358.38439484 -26574.8051355 -25216.4207406
1357.03084599 -26572.0926763 -25215.0618304
1355.77486653 -26569.4806811 -25213.7058146
1354.58732129 -26567.2753975 -25212.6880762
1353.4317133 -26564.9919113 -25211.560198
1352.27246278 -26562.8643492 -25210.5918865
1351.08213079 -26560.6134471 -25209.5313164
1349.84728776 -26558.2640462 -25208.4167585
1348.57222849 -26555.7726816 -25207.2004531
1347.27589588 -26553.2231446 -25205.9472487
1345.98804072 -26550.7861673 -25204.7981266
1344.74507171 -26548.2229803 -25203.4779086
1343.58623709 -26545.8726051 -25202.286368
1342.55295057 -26543.7876182 -25201.2346676
1341.68774492 -26541.9641156 -25200.2763707
1341.03367328 -26540.3990301 -25199.3653568
1340.62993868 -26539.6328945 -25199.0029559
1340.50507354 -26539.7026118 -25199.1975382
1340.67088563 -26540.1169594 -25199.4460737
1341.11992589 -26540.8837667 -25199.7638408
1341.83064109 -26542.3307465 -25200.5001054
1342.77744515 -26544.3530342 -25201.5755891
1343.94191058 -26546.8157671 -25202.8738565
1345.3176301 -26549.5358683 -25204.2182382
1346.90725279 -26552.7788727 -25205.8716199
1348.72066871 -26556.3136917 -25207.593023
1350.76777298 -26560.2349056 -25209.4671326
1353.04973751 -26564.7925575 -25211.74282
1355.55584357 -26569.6952027 -25214.1393591
1358.26252414 -26575.1943951 -25216.931871
1361.13694687 -26580.9026502 -25219.7657033
1364.14624617 -26587.0883364 -25222.9420902
1367.2668581 -26593.3606765 -25226.0938184
1370.48487031 -26599.5504956 -25229.0656253
1373.79376849 -26606.1462692 -25232.3525007
1377.18358407 -26612.8692102 -25235.6856261
1380.62528623 -26619.9597843 -25239.3344981
1384.06055721 -26626.7140238 -25242.6534666
1387.40185617 -26633.4920717 -25246.0902155
1390.54536318 -26640.1570011 -25249.611638
1393.38535425 -26645.6682667 -25252.2829125
1395.8316169 -26650.6054252 -25254.7738083
1397.8211542 -26654.5947089 -25256.7735547
1399.32097007 -26657.6835157 -25258.3625457
1400.32596054 -26659.6980515 -25259.372091
1400.85129906 -26660.915204 -25260.0639049
1400.92592067 -26660.9993669 -25260.0734462
1400.58850596 -26660.1392375 -25259.5507316
1399.88592665 -26658.5564604 -25258.6705337
1398.87264406 -26656.2986945 -25257.4260504
1397.60802443 -26653.4190654 -25255.8110409
1396.15653454 -26650.6701464 -25254.5136119
1394.58540598 -26647.5116179 -25252.926212
1392.96162742 -26644.0326334 -25251.071006
1391.34790453 -26640.6192926 -25249.271388
1389.8000836 -26637.7109194 -25247.9108358
1388.36620594 -26634.7030351 -25246.3368292
1387.08334378 -26632.0818303 -25244.9984865
1385.9744548 -26629.737043 -25243.7625882
1385.04301918 -26628.0477237 -25243.0047045
1384.26990557 -26626.2908404 -25242.0209348
1383.6113754 -26624.6774797 -25241.0661043
1382.99898496 -26623.3457781 -25240.3467931
1382.34467696 -26621.8726203 -25239.5279433
1381.54814881 -26620.1889349 -25238.6407861
1380.51024733 -26618.2580005 -25237.7477532
1379.14689999 -26615.4789943 -25236.3320943
1377.4011544 -26612.0791851 -25234.6780307
1375.25264183 -26607.6533142 -25232.4006724
1372.72275274 -26602.7136603 -25229.9909076
1369.87549865 -26596.9627615 -25227.0872629
1366.81109062 -26590.5585785 -25223.7474879
1363.65742674 -26584.4132674 -25220.7558407
1360.56180692 -26577.9575415 -25217.3957345
1357.68235938 -26572.2097141 -25214.5273547
1355.17604992 -26567.0084618 -25211.8324118
1353.18462641 -26562.9516084 -25209.7669819
1351.82156973 -26560.2011044 -25208.3795347
1351.16168939 -26558.825552 -25207.6638626
1351.23152677 -26558.8496716 -25207.6181449
1352.00283051 -26560.305152 -25208.3023215
1353.39597761 -26563.1293446 -25209.733367
1355.2884819 -26567.1108166 -25211.8223347
1357.52483887 -26571.5669342 -25214.0420953
1359.93389671 -26576.3087333 -25216.3748366
1362.34288314 -26581.2793668 -25218.9364837
1364.58817434 -26586.1363871 -25221.5482127
1366.52705876 -26590.1310172 -25223.6039585
1368.04676785 -26593.0962507 -25225.0494829
1369.06955597 -26595.0627991 -25225.9932432
1369.55519317 -26596.307123 -25226.7519298
1369.50275918 -26596.5014802 -25226.998721
1368.94813479 -26595.2491559 -25226.3010211
1367.95517072 -26593.0729126 -25225.1177418
1366.60717182 -26590.2979108 -25223.690739
1364.99716917 -26587.0363713 -25222.0392021
1363.21493907 -26583.4995154 -25220.2845763
1361.34020441 -26579.6982611 -25218.3580566
1359.44041279 -26576.0636998 -25216.623287
1357.57241133 -26572.3235146 -25214.7511033
1355.78670687 -26568.6808526 -25212.8941457
1354.13210655 -26565.3600858 -25211.2279792
1352.65763822 -26562.3695881 -25209.7119499
1351.41172723 -26559.8219992 -25208.410272
1350.44128058 -26557.876689 -25207.4354085
1349.78989044 -26556.2508395 -25206.4609491
1349.49409961 -26555.5610726 -25206.066973
1349.57531739 -26555.5016726 -25205.9263552
1350.03005774 -26556.5204367 -25206.4903789
1350.82065934 -26558.4097377 -25207.5890784
1351.86915112 -26560.4848061 -25208.6156549
1353.05782503 -26562.9343424 -25209.8765174
1354.23878312 -26565.2578191 -25211.019036
1355.25136789 -26567.348098 -25212.0967301
1355.94307857 -26568.6891927 -25212.7461142
1356.18955269 -26569.0289636 -25212.8394109
1355.91273591 -26568.6273345 -25212.7145986
1355.08917453 -26566.6938123 -25211.6046377
1353.75016845 -26564.0662184 -25210.3160499
1351.97363268 -26560.4693199 -25208.4956872
1349.86826068 -26556.1762781 -25206.3080174
1347.56087757 -26551.7100713 -25204.1491937
1345.18475569 -26547.0394966 -25201.8547409
1342.87031503 -26542.4276046 -25199.5572896
1340.74067196 -26538.1110013 -25197.3703293
1338.91065424 -26534.3814127 -25195.4707585
1337.48379442 -26531.5557671 -25194.0719727
1336.54605696 -26529.6151081 -25193.0690511
1336.15623643 -26528.9071948 -25192.7509583
1336.33799198 -26529.3779055 -25193.0399135
1337.0771067 -26530.9532687 -25193.876162
1338.32166266 -26533.6172998 -25195.2956371
1339.98657339 -26536.8045632 -25196.8179898
1341.96479011 -26540.5889498 -25198.6241597
1344.14380187 -26545.0184266 -25200.8746247
1346.42223884 -26549.6142896 -25203.1920508
1348.72523121 -26554.0966444 -25205.3714132
1351.01323014 -26558.5508958 -25207.5376656
1353.2857484 -26563.2008212 -25209.9150728
1355.57747418 -26567.8188453 -25212.2413712
1357.94492847 -26572.8402814 -25214.8953529
1360.45327896 -26577.9054917 -25217.4522127
1363.16259105 -26583.2936409 -25220.1310499
1366.11479667 -26589.2671544 -25223.1523577
1369.32633065 -26596.0085874 -25226.6822567
1372.78236112 -26603.0431133 -25230.2607522
1376.43560617 -26610.5654862 -25234.12988
1380.21267219 -26618.1589559 -25237.9462838
1384.01969699 -26625.9329423 -25241.9132453
1387.75424396 -26633.4429034 -25245.6886594
1391.31700583 -26640.390231 -25249.0732251
1394.6188918 -26647.1800727 -25252.5611809
1397.58725704 -26653.1435319 -25255.5562749
1400.16670643 -26658.2980897 -25258.1313832
1402.31640606 -26662.4581151 -25260.1417091
1404.00790449 -26666.1473238 -25262.1394193
1405.22350695 -26668.5343115 -25263.3108045
1405.95667101 -26670.0966187 -25264.1399477
1406.21308082 -26670.6598097 -25264.4467289
1406.00867959 -26670.1509653 -25264.1422857
1405.36653014 -26668.6549371 -25263.288407
1404.31210932 -26666.5056132 -25262.1935039
1402.86891271 -26663.565395 -25260.6964823
1401.05448629 -26659.9951327 -25258.9406464
1398.88151144 -26655.7004684 -25256.8189569
1396.36570191 -26650.6971253 -25254.3314234
1393.53447033 -26644.919808 -25251.3853377
1390.43140536 -26638.8706516 -25248.4392462
1387.117647 -26632.1693226 -25245.0516756
1383.67015448 -26625.2134222 -25241.5432677
1380.17479381 -26618.1248315 -25237.9500377
1376.7170412 -26611.3129978 -25234.5959566
1373.37465512 -26604.772555 -25231.3978999
1370.21002835 -26598.4775178 -25228.2674895
1367.26666231 -26592.6432765 -25225.3766142
1364.56999453 -26587.3558924 -25222.7858979
1362.12996295 -26582.5156667 -25220.3857037
1359.94336222 -26577.9837112 -25218.040349
1357.99890299 -26574.1660099 -25216.1671069
1356.2850115 -26570.6825785 -25214.397567
1354.79358123 -26567.9025852 -25213.109004
1353.52500935 -26565.2392149 -25211.7142056
1352.49165878 -26563.0296278 -25210.537969
1351.71908305 -26561.7410064 -25210.0219233
1351.24428146 -26560.8753845 -25209.6311031
1351.11276135 -26560.6286804 -25209.515919
1351.37503583 -26561.154478 -25209.7794422
1352.08120339 -26562.755061 -25210.6738577
1353.27509968 -26565.0571768 -25211.7820772
1354.98845789 -26568.7193212 -25213.7308633
1357.23661418 -26573.1629236 -25215.9263094
1360.01074455 -26578.9535597 -25218.9428151
1363.26351849 -26585.2841828 -25222.0206643
1366.89498677 -26592.5808165 -25225.6858297
1370.74459172 -26600.4477063 -25229.7031146
1374.59477968 -26608.3051104 -25233.7103307
1378.19423261 -26615.4377853 -25237.2435527
1381.29192172 -26621.6443892 -25240.3524675
1383.67025958 -26626.4564209 -25242.7861613
1385.16775626 -26629.4094635 -25244.2417072
1385.68786644 -26630.6003818 -25244.9125154
1385.20118194 -26629.301932 -25244.1007501
1383.74095238 -26626.6372044 -25242.896252
1381.39620768 -26621.9545865 -25240.5583789
1378.3031739 -26615.8144785 -25237.5113046
1374.63454707 -26608.0734923 -25233.4389452
1370.58456283 -26599.8823118 -25229.297749
1366.35241567 -26591.1643436 -25224.8119279
1362.12598244 -26582.8197278 -25220.6937454
1358.06645504 -26574.5162318 -25216.4497768
1354.30060294 -26566.9008385 -25212.6002356
1350.92166141 -26560.173656 -25209.2519946
1347.99676265 -26554.460984 -25206.4642213
1345.57943166 -26549.5471155 -25203.9676839
1343.72354593 -26545.7462637 -25202.0227178
1342.4908664 -26543.3092094 -25200.818343
1341.95055606 -26542.2948745 -25200.3443184
1342.16978159 -26542.7253556 -25200.555574
1343.19610436 -26545.0284252 -25201.8323209
1345.03833179 -26548.5012294 -25203.4628976
1347.65452945 -26553.7000701 -25206.0455407
1350.95201258 -26560.5124874 -25209.5604748
1354.79453115 -26568.2392637 -25213.4447326
1359.02033642 -26576.4571249 -25217.4367885
1363.46354817 -26585.5769749 -25222.1134267
1367.96934792 -26594.610793 -25226.6414451
1372.40600308 -26603.4510875 -25231.0450844
1376.6716583 -26611.9818251 -25235.3101668
1380.69319164 -26620.1551864 -25239.4619948
1384.42215738 -26627.6670442 -25243.2448868
1387.83012267 -26634.5281147 -25246.697992
1390.90205954 -26640.8056199 -25249.9035603
1393.62782953 -26646.1309223 -25252.5030928
1395.996314 -26650.950558 -25254.954244
1397.99523557 -26654.9351546 -25256.939919
1399.61064695 -26658.0260749 -25258.415428
1400.82858105 -26660.4031117 -25259.5745306
1401.64061168 -26662.0576786 -25260.4170669
1402.04896079 -26662.9020546 -25260.8530938
1402.07153834 -26663.0324383 -25260.9609
1401.74643419 -26662.3745193 -25260.6280851
1401.13310042 -26661.2641825 -25260.1310821
1400.31101819 -26659.6680605 -25259.3570423
1399.37595459 -26658.0003416 -25258.624387
1398.43431828 -26656.2596914 -25257.8253732
1397.59633597 -26654.7496794 -25257.1533434
1396.9661622 -26653.2629138 -25256.2967516
1396.63245043 -26652.4825631 -25255.8501126
1396.65874062 -26652.3586249 -25255.6998843
1397.07517093 -26653.1246272 -25256.0494563
1397.87242865 -26654.8293162 -25256.9568875
1399.00016491 -26657.0285392 -25258.0283743
1400.37325093 -26659.9511291 -25259.5778782
1401.88213766 -26663.3411037 -25261.458966
1403.40548073 -26666.4405511 -25263.0350704
1404.82183182 -26669.2347193 -25264.4128875
1406.01946378 -26671.7902884 -25265.7708247
1406.90441284 -26673.2862602 -25266.3818474
1407.40502583 -26674.3830004 -25266.9779746
1407.47534866 -26674.6442967 -25267.168948
1407.09961387 -26673.88459 -25266.7849761
1406.29514869 -26672.1053713 -25265.8102226
1405.1126231 -26669.648711 -25264.5360879
1403.63279398 -26666.4982143 -25262.8654203
1401.95625144 -26663.1988708 -25261.2426194
1400.18701535 -26659.8212856 -25259.6342703
1398.41155722 -26655.989134 -25257.5775768
1396.67865288 -26652.8588932 -25256.1802403
1394.99067939 -26649.4074347 -25254.4167553
1393.30783424 -26646.1415192 -25252.8336849
1391.56282851 -26642.5585109 -25250.9956824
1389.67935601 -26638.898462 -25249.219106
1387.58884875 -26634.6798093 -25247.0909605
1385.24236846 -26630.1703464 -25244.9279779
1382.61536502 -26624.7314859 -25242.1161209
1379.71071753 -26618.807623 -25239.0969055
1376.5595607 -26612.4329449 -25235.8733842
1373.22182287 -26605.674216 -25232.4523931
1369.78396545 -26598.659805 -25228.8758395
1366.35541115 -26591.7137006 -25225.3582894
1363.06540702 -26585.4000195 -25222.3346125
1360.05691336 -26579.2458668 -25219.1889535
1357.47700081 -26574.2246784 -25216.7476776
1355.4623895 -26570.2638387 -25214.8014492
1354.12088447 -26567.7664734 -25213.6455889
1353.51214133 -26566.4674455 -25212.9553042
1353.63424138 -26566.6908463 -25213.0566049
1354.41811144 -26568.4981295 -25214.0800181
1355.73859026 -26571.3006315 -25215.5620413
1357.43905236 -26574.6626347 -25217.2235823
1359.35713487 -26578.4126554 -25219.0555206
1361.34686329 -26582.2943183 -25220.947455
1363.29308605 -26586.0991881 -25222.806102
1365.1151921 -26589.8529273 -25224.7377352
1366.76282644 -26593.2771881 -25226.5143616
1368.20646697 -26596.0388571 -25227.8323902
1369.42608036 -26598.3831925 -25228.9571121
1370.40177618 -26600.351876 -25229.9500998
1371.11104814 -26601.5647447 -25230.4536966
1371.53038705 -26602.554568 -25231.0241809
1371.64067602 -26602.6502404 -25231.0095644
1371.43348599 -26602.1079793 -25230.6744933
1370.91834582 -26600.8811797 -25229.9628339
1370.13067554 -26599.3586586 -25229.227983
1369.13139779 -26597.4468433 -25228.3154455
1367.99994123 -26595.1666035 -25227.1666623
1366.82403247 -26592.8344906 -25226.0104582
1365.68995477 -26590.5501824 -25224.8602276
1364.6730988 -26588.4056684 -25223.7325696
1363.83073525 -26586.5600417 -25222.7293064
1363.20026241 -26585.1403827 -25221.9401203
1362.80110893 -26584.2757814 -25221.4746725
1362.63482931 -26583.9236533 -25221.288824
1362.68292993 -26584.062889 -25221.379959
1362.90558438 -26584.5314632 -25221.6258788
1363.24451712 -26585.2631414 -25222.0186243
1363.63323952 -26586.0638956 -25222.4306561
1364.01281645 -26586.7386057 -25222.7257893
1364.34603234 -26587.3909553 -25223.044923
1364.6262644 -26587.843393 -25223.2171286
1364.88305511 -26588.4668689 -25223.5838138
1365.1761736 -26589.2203225 -25224.0441488
1365.58337227 -26590.022616 -25224.4392438
1366.18446994 -26591.1328659 -25224.948396
1367.0453277 -26592.7295669 -25225.6842392
1368.20455289 -26595.1359146 -25226.9313617
1369.66345327 -26598.1089191 -25228.4454658
1371.38506258 -26601.7241749 -25230.3391123
1373.29788931 -26605.3827539 -25232.0848645
1375.30549432 -26609.6265799 -25234.3210856
1377.29877717 -26613.4994524 -25236.2006752
1379.17004411 -26617.275668 -25238.1056238
1380.82756053 -26620.6647643 -25239.8372038
1382.20672099 -26623.3743682 -25241.1676473
1383.27886792 -26625.4045126 -25242.1256447
1384.05482412 -26627.2474697 -25243.1926456
1384.58322081 -26628.4419192 -25243.8586984
1384.94357104 -26629.2831873 -25244.3396162
1385.23417441 -26629.9095472 -25244.6753728
1385.55741775 -26630.1642547 -25244.6068369
1386.00433729 -26631.2573144 -25245.2529772
1386.64122387 -26632.7115018 -25246.0702779
1387.49987309 -26634.4967596 -25246.9968865
1388.57202672 -26636.527567 -25247.9555403
1389.80968435 -26639.3926055 -25249.5829211
1391.12706446 -26642.1319588 -25251.0048944
1392.40478706 -26644.8394983 -25252.4347113
1393.50434194 -26647.0350582 -25253.5307162
1394.28400675 -26648.6717637 -25254.3877569
1394.61850083 -26649.5320893 -25254.9135885
1394.41817773 -26649.1602173 -25254.7420396
1393.64165905 -26647.9348238 -25254.2931648
1392.30772601 -26645.392658 -25253.084932
1390.49869673 -26641.8029799 -25251.3042831
1388.35613644 -26637.5471575 -25249.1910211
1386.07011199 -26632.8447345 -25246.7746225
1383.85910872 -26628.2841669 -25244.4250581
1381.94484883 -26624.4995519 -25242.554703
1380.52375025 -26621.5573592 -25241.033609
1379.73909626 -26619.5482709 -25239.8091746
1379.66312295 -26619.5623902 -25239.8992672
1380.28788858 -26620.637568 -25240.3496794
1381.52767715 -26622.9274785 -25241.3998013
1383.23821522 -26626.4238885 -25243.1856733
1385.24320502 -26630.3754101 -25245.1322051
1387.36067872 -26634.5254083 -25247.1647295
1389.42997085 -26638.7672083 -25249.3372374
1391.32949039 -26642.7746978 -25251.4452074
1392.98459519 -26646.041472 -25253.0568768
1394.36538229 -26648.7398433 -25254.374461
1395.47644056 -26650.8004798 -25255.3240393
1396.34260673 -26652.3112199 -25255.9686132
1396.99219609 -26653.4432194 -25256.4510233
1397.44447603 -26654.2203954 -25256.7759194
1397.69540435 -26654.6289677 -25256.9335634
1397.70829219 -26654.5364186 -25256.8281264
1397.4137404 -26653.6399991 -25256.2262587
1396.71212526 -26652.311064 -25255.5989388
1395.48508936 -26649.8289612 -25254.3438718
1393.61420119 -26646.0949771 -25252.4807759
1391.00012758 -26640.6602078 -25249.6600802
1387.58315545 -26633.8869538 -25246.3037983
1383.3616369 -26625.38536 -25242.0237231
1378.40476557 -26615.4999329 -25237.0951673
1372.85545835 -26604.6676854 -25231.8122271
1366.92062342 -26592.6407447 -25225.7201213
1360.85295968 -26580.7997027 -25219.946743
1354.92733325 -26568.833481 -25213.9061477
1349.41269507 -26557.4177956 -25208.0051006
1344.54863202 -26547.5172875 -25202.9686555
1340.53183676 -26539.4445881 -25198.9127514
1337.50599829 -26533.5986396 -25196.0926413
1335.55894203 -26529.6043345 -25194.0453925
1334.72530898 -26527.7988265 -25193.0735175
1334.98812163 -26528.1684672 -25193.1803456
1336.2830407 -26530.3763548 -25194.0933141
1338.50369402 -26534.8651442 -25196.3614501
1341.50787437 -26540.8034515 -25199.2955772
1345.12689817 -26548.0121751 -25202.8852769
1349.17513347 -26555.8929002 -25206.7177668
1353.46292334 -26564.3775869 -25210.9146636
1357.80802252 -26573.0641438 -25215.2561213
1362.04528042 -26581.7693353 -25219.7240549
1366.0377218 -26589.6608906 -25223.6231688
1369.68311459 -26597.2253099 -25227.5421953
1372.9165281 -26603.6713937 -25230.7548656
1375.71028866 -26609.3820401 -25233.6717514
1378.07087177 -26613.8656226 -25235.7947509
1380.03185703 -26617.816344 -25237.784487
1381.64798552 -26621.0986183 -25239.4506328
1382.98796793 -26623.7828154 -25240.7948475
1384.12464284 -26625.9793978 -25241.854755
1385.12900921 -26628.0018891 -25242.8728799
1386.06546197 -26629.8763059 -25243.8108439
1386.98550814 -26631.6454431 -25244.659935
1387.92181155 -26633.6203088 -25245.6984972
1388.88825572 -26635.5394412 -25246.6511855
1389.88246238 -26637.8503537 -25247.9678913
1390.88941604 -26640.0380368 -25249.1486208
1391.88964398 -26642.3838479 -25250.494204
1392.8651748 -26644.4564999 -25251.5913251
1393.80364215 -26646.4606874 -25252.6570453
1394.69927983 -26648.3417176 -25253.6424378
1395.55166587 -26649.8744836 -25254.3228177
1396.36010484 -26651.6848586 -25255.3247538
1397.11555684 -26653.1466689 -25256.031112
1397.79582354 -26654.5343893 -25256.7385658
1398.36306903 -26655.6685452 -25257.3054762
1398.76718827 -26656.9235443 -25258.156356
1398.95251255 -26656.994941 -25258.0424285
1398.86895749 -26656.7354864 -25257.8665289
1398.48287607 -26656.1427288 -25257.6598528
1397.78204282 -26654.6715635 -25256.8895207
1396.77895755 -26652.4739671 -25255.6950095
1395.51076709 -26649.7061401 -25254.195373
1394.03132695 -26646.9247324 -25252.8934055
1392.40346551 -26643.9132847 -25251.5098192
1390.69516605 -26640.4665968 -25249.7714308
1388.97477425 -26636.9584478 -25247.9836735
1387.30857724 -26633.6856134 -25246.3770361
1385.76045229 -26630.5010074 -25244.7405551
1384.39275446 -26627.5495991 -25243.1568446
1383.26816389 -26625.5458378 -25242.277674
1382.44983651 -26623.6707854 -25241.2209488
1381.99936193 -26622.9262394 -25240.9268775
1381.97095301 -26623.1234501 -25241.152497
1382.40288231 -26624.059351 -25241.6564687
1383.30841854 -26626.0143051 -25242.7058865
1384.66590993 -26628.4011282 -25243.7352183
1386.41244463 -26631.9808957 -25245.5684511
1388.44646206 -26636.3028168 -25247.8563547
1390.63156516 -26640.7156379 -25250.0840727
1392.80469866 -26644.9934852 -25252.1887865
1394.78921314 -26649.1121976 -25254.3229845
1396.40625008 -26652.3678143 -25255.9615642
1397.4881116 -26654.4974092 -25257.0092976
1397.89094398 -26655.495087 -25257.604143
1397.50648916 -26654.9054367 -25257.3989475
1396.27188805 -26652.7358105 -25256.4639225
1394.178779 -26648.3428834 -25254.1641044
1391.2777551 -26642.4600557 -25251.1823006
1387.68058888 -26635.1176068 -25247.437018
1383.55874307 -26627.0548599 -25243.4961169
1379.13253557 -26617.961794 -25238.8292584
1374.65590526 -26608.7738361 -25234.1179309
1370.39335133 -26599.9339358 -25229.5405845
1366.59311952 -26592.522476 -25225.9293565
1363.46454999 -26586.3349032 -25222.8703532
1361.15862047 -26581.407565 -25220.2489445
1359.75840828 -26578.8965606 -25219.1381523
1359.27990692 -26577.8558222 -25218.5759152
1359.68025629 -26578.7130659 -25219.0328096
1360.87053544 -26581.0348543 -25220.1643189
1362.72995694 -26584.5191562 -25221.7891993
1365.11929013 -26589.2873435 -25224.1680533
1367.8889686 -26594.8613218 -25226.9723532
1370.88834577 -26600.8486527 -25229.960307
1373.97389147 -26607.2382228 -25233.2643313
1377.0148936 -26613.2377221 -25236.2228285
1379.90111239 -26619.0807941 -25239.1796817
1382.55068645 -26624.1407539 -25241.5900675
1384.91317848 -26628.9050008 -25243.9918223
1386.97079626 -26633.2274171 -25246.2566209
1388.73832177 -26636.4745497 -25247.736228
1390.25564488 -26639.875471 -25249.6198262
1391.57268755 -26642.5631066 -25250.9904191
1392.73471043 -26644.7882299 -25252.0535195
1393.76815232 -26647.0716035 -25253.3034512
1394.67076086 -26648.9331129 -25254.262352
1395.41637936 -26650.0212329 -25254.6048536
1395.96721687 -26651.1580261 -25255.1908092
1396.28723928 -26652.1360685 -25255.8488292
1396.35706805 -26652.2304434 -25255.8733754
1396.18631822 -26651.6976829 -25255.5113647
1395.81858027 -26650.7665514 -25254.9479711
1395.32790404 -26649.8686958 -25254.5407917
1394.81330238 -26649.1598508 -25254.3465484
1394.38782039 -26648.6071981 -25254.2193777
1394.16188211 -26648.1727687 -25254.0108866
1394.2269871 -26648.3620748 -25254.1350877
1394.6416657 -26649.1221136 -25254.4804479
1395.42290665 -26650.5910921 -25255.1681855
1396.54186518 -26652.9204031 -25256.378538
1397.92523962 -26655.7533297 -25257.82809
1399.46223432 -26658.807734 -25259.3454997
1401.01517461 -26661.7996425 -25260.7844679
1402.42961858 -26664.4921007 -25262.0624821
1403.54645128 -26666.8414016 -25263.2949503
1404.21453208 -26667.9941906 -25263.7796585
1404.30196507 -26668.2723827 -25263.9704176
1403.70241219 -26666.9711017 -25263.2686895
1402.34111079 -26664.24706 -25261.9059493
1400.18287868 -26659.8955969 -25259.7127182
1397.23499537 -26653.8314051 -25256.5964097
1393.55220518 -26646.4405926 -25252.8883874
1389.23940497 -26637.7309608 -25248.4915558
1384.44953838 -26627.9352564 -25243.485718
1379.3798508 -26617.5538425 -25238.1739917
1374.26170924 -26607.2731222 -25233.0114129
1369.3463458 -26597.4347173 -25228.0883715
1364.88825209 -26588.3572666 -25223.4690146
1361.12321438 -26581.0717103 -25219.9484959
1358.2509001 -26575.2129818 -25216.9620817
1356.41837302 -26571.7480767 -25215.3297037
1355.70417629 -26570.4388184 -25214.7346421
1356.1130643 -26571.2872722 -25215.1742079
1357.57934342 -26574.1542044 -25216.574861
1359.97620979 -26579.0727378 -25219.096528
1363.13178453 -26585.4306326 -25222.2988481
1366.84673616 -26592.9675346 -25226.1207985
1370.90980782 -26601.1109136 -25230.2011058
1375.11139576 -26609.5739428 -25234.462547
1379.25062145 -26618.0601036 -25238.8094821
1383.13993564 -26625.5962418 -25242.4563061
1386.61204763 -26632.4959858 -25245.8839381
1389.52855943 -26638.3547646 -25248.8262051
1391.78772649 -26643.0195817 -25251.2318552
1393.33053862 -26646.0456596 -25252.715121
1394.14510011 -26647.7871317 -25253.6420316
1394.26866207 -26648.0295975 -25253.7609354
1393.78596938 -26646.9366488 -25253.1506795
1392.81579626 -26645.2011657 -25252.3853694
1391.49530926 -26642.7281791 -25251.2328698
1389.96576589 -26639.5048169 -25249.539051
1388.35095195 -26636.107487 -25247.756535
1386.74230415 -26633.0784544 -25246.3361502
1385.18998082 -26630.235386 -25245.0454052
1383.69974123 -26627.3575438 -25243.6578025
1382.2388879 -26624.2154284 -25241.9765405
1380.74638015 -26621.1677906 -25240.4214105
1379.1477553 -26617.6992486 -25238.5514933
1377.37306652 -26613.7928463 -25236.4197798
1375.37718905 -26609.7144985 -25234.3373095
1373.15431103 -26605.3609519 -25232.2066409
1370.74625172 -26600.4450106 -25229.6987589
1368.2422461 -26595.2584321 -25227.016186
1365.76449263 -26590.5385982 -25224.7741056
1363.4438847 -26586.1882046 -25222.7443199
1361.39578457 -26582.2011505 -25220.8053659
1359.69985291 -26578.8573195 -25219.1574666
1358.39018195 -26576.2611251 -25217.8709432
1357.46107125 -26574.3408405 -25216.8797693
1356.88217471 -26573.4709948 -25216.5888201
1356.61666426 -26572.9137015 -25216.2970372
1356.63718228 -26572.8297484 -25216.1925661
1356.9319914 -26573.3893339 -25216.4573425
1357.50216271 -26574.1333778 -25216.6312151
1358.35513791 -26575.9713148 -25217.6161769
1359.49585004 -26578.2517254 -25218.7558754
1360.92024624 -26581.0038306 -25220.0835844
1362.61100733 -26584.6264678 -25222.0154605
1364.53535537 -26588.4120053 -25223.8766499
1366.64538384 -26592.6455021 -25226.0001182
1368.88039017 -26596.9435466 -25228.0631564
1371.17078076 -26601.3380258 -25230.167245
1373.44472217 -26605.8559486 -25232.4112265
1375.63391863 -26610.3295709 -25234.6956523
1377.67965823 -26614.3514135 -25236.6717553
1379.53737201 -26618.0252684 -25238.4878964
1381.1773106 -26621.1647675 -25239.9874569
1382.58353068 -26623.72376 -25241.1402293
1383.75206753 -26625.8811215 -25242.129054
1384.6922991 -26627.6996414 -25243.0073423
1385.42825166 -26629.45759 -25244.0293384
1385.9979974 -26630.7255267 -25244.7275293
1386.45179181 -26631.5891649 -25245.1373731
1386.84579498 -26632.2665265 -25245.4207315
1387.23101533 -26633.1220495 -25245.8910342
1387.64207833 -26634.0250121 -25246.3829338
1388.09183341 -26635.1793449 -25247.0875115
1388.56684815 -26636.3866787 -25247.8198305
1389.02727449 -26637.2851695 -25248.257895
1389.4137429 -26638.0601468 -25248.6464039
1389.65159374 -26638.5174875 -25248.8658937
1389.65719335 -26638.6358088 -25248.9786155
1389.34930551 -26637.9092025 -25248.559897
1388.66501938 -26636.6423524 -25247.977333
1387.57377782 -26634.6675268 -25247.093749
1386.08636941 -26631.813161 -25245.7267916
1384.25660344 -26628.2986825 -25244.0420791
1382.17492866 -26624.1218855 -25241.9469569
1379.9551862 -26619.5481138 -25239.5929276
1377.71656475 -26615.1244755 -25237.4079107
1375.56956447 -26610.6475346 -25235.0779701
1373.61297099 -26606.7916669 -25233.1786959
1371.9360879 -26603.4202183 -25231.4841304
1370.62583538 -26600.7441316 -25230.1182962
1369.77010277 -26598.9921605 -25229.2220578
1369.45092464 -26598.2854414 -25228.8345168
1369.73352909 -26598.9657527 -25229.2322236
1370.64717264 -26600.92254 -25230.2753673
1372.17020512 -26604.0749745 -25231.9047694
1374.22425077 -26608.661514 -25234.4372633
1376.67806277 -26613.6430446 -25236.9649818
1379.36077374 -26618.9655689 -25239.6047951
1382.08392856 -26624.4729158 -25242.3889872
1384.66475531 -26629.847029 -25245.1822737
1386.94475633 -26634.555632 -25247.6108757
1388.80422134 -26638.2227634 -25249.4185421
1390.17248656 -26640.8711768 -25250.6986902
1391.02977703 -26642.2236591 -25251.1938821
1391.39999527 -26642.9996098 -25251.5996145
1391.34472171 -26642.69024 -25251.3455183
1390.94991669 -26642.0720458 -25251.1221291
1390.31019331 -26640.8026372 -25250.4924439
1389.51582861 -26639.1587299 -25249.6429013
1388.63753994 -26637.2466409 -25248.609101
1387.71760528 -26635.459288 -25247.7416827
1386.76713706 -26633.7406362 -25246.9734992
1385.76774215 -26631.9728896 -25246.2051475
1384.67894433 -26629.7957848 -25245.1168405
1383.45109518 -26627.2204672 -25243.769372
1382.04125907 -26624.4881367 -25242.4468777
1380.42696559 -26621.2607685 -25240.8338029
1378.61299441 -26617.891383 -25239.2783886
1376.63265145 -26613.9630145 -25237.330363
1374.54185162 -26609.7075634 -25235.1657117
1372.40630198 -26605.3935723 -25232.9872703
1370.28916789 -26601.0431733 -25230.7540054
1368.24163364 -26597.1613943 -25228.9197607
1366.30008931 -26593.277018 -25226.9769287
1364.48990313 -26589.612074 -25225.1221709
1362.83114341 -26586.1003285 -25223.2691851
1361.34353151 -26582.9294743 -25221.5859428
1360.05108735 -26580.0442548 -25219.9931674
1358.98351698 -26577.8453539 -25218.861837
1358.17703604 -26576.1828059 -25218.0057698
1357.67568493 -26575.113264 -25217.4375791
1357.52908706 -26575.0949058 -25217.5658187
1357.79038707 -26575.6919481 -25217.901561
1358.50912944 -26577.1294197 -25218.6202903
1359.72554593 -26579.5425589 -25219.817013
1361.46330841 -26583.0000118 -25221.5367033
1363.72352126 -26587.2522964 -25223.5287752
1366.48407167 -26592.7773349 -25226.2932632
1369.69464926 -26599.354369 -25229.6597197
1373.27797629 -26606.7317767 -25233.4538004
1377.13135667 -26614.2801013 -25237.1487446
1381.12898325 -26621.8583057 -25240.7293224
1385.13000103 -26629.950154 -25244.820153
1388.98693565 -26637.5752428 -25248.5883071
1392.55406085 -26644.7447831 -25252.1907223
1395.69926363 -26651.0236615 -25255.3243979
1398.315592 -26656.2407736 -25257.9251816
1400.32911508 -26660.0987261 -25259.769611
1401.70192828 -26662.9753939 -25261.2734656
1402.43240099 -26664.5947393 -25262.1623383
1402.55032741 -26664.6057243 -25262.0553969
1402.10826071 -26663.7566366 -25261.6483759
1401.17103224 -26661.619311 -25260.4482787
1399.8068669 -26658.8386448 -25259.0317779
1398.08215593 -26655.524431 -25257.4422751
1396.05561865 -26651.6888398 -25255.6332211
1393.78151788 -26647.1272501 -25253.3457322
1391.31538554 -26642.3156522 -25251.0002667
1388.71666523 -26637.1196584 -25248.4029932
1386.05071673 -26631.8253901 -25245.7746734
1383.39139441 -26626.7301986 -25243.3388042
1380.81690465 -26621.5743015 -25240.7573969
1378.40062283 -26616.7863376 -25238.3857147
1376.20376199 -26612.5153915 -25236.3116295
1374.27170929 -26608.7236638 -25234.4519545
1372.63295972 -26605.2380953 -25232.6051356
1371.29785375 -26602.7269624 -25231.4291087
1370.25966511 -26600.4616017 -25230.2019366
1369.49851897 -26599.0188838 -25229.5203648
1368.98259513 -26597.9268455 -25228.9442504
1368.66984908 -26597.2482083 -25228.5783592
1368.51387003 -26596.8159597 -25228.3020896
1368.46892867 -26596.8050402 -25228.3361116
1368.49730148 -26596.8868809 -25228.3895794
1368.57566444 -26597.0661706 -25228.4905062
1368.69764529 -26597.4199634 -25228.7223181
1368.87434348 -26598.1123814 -25229.238038
1369.13130059 -26598.4658109 -25229.3345104
1369.49970341 -26599.2353243 -25229.7356209
1370.01000157 -26600.3569838 -25230.3469823
1370.68774996 -26601.985284 -25231.2975341
1371.55119164 -26603.4200698 -25231.8688781
1372.61355605 -26605.4097939 -25232.7962378
1373.88556875 -26607.8856499 -25234.0000812
1375.37467459 -26610.9673153 -25235.5926407
1377.07970051 -26614.4685996 -25237.3888991
1378.98187805 -26618.4121448 -25239.4302667
1381.03584763 -26622.4342349 -25241.3983872
1383.16357726 -26626.6817055 -25243.5181283
1385.25886952 -26630.8144601 -25245.5555906
1387.20104381 -26634.624694 -25247.4236502
1388.87558238 -26637.8439796 -25248.9683973
1390.19643124 -26640.6632258 -25250.4667945
1391.11928805 -26642.575579 -25251.456291
1391.64840973 -26643.4785624 -25251.8301526
1391.83397119 -26643.7498983 -25251.9159272
1391.75903075 -26643.8776035 -25252.1185727
1391.52092632 -26643.3594635 -25251.8385372
1391.21341946 -26642.5644071 -25251.3509876
1390.91192901 -26641.7914647 -25250.8795357
1390.6630305 -26641.4707435 -25250.807713
1390.48294124 -26641.1639995 -25250.6810583
1390.36162393 -26641.1410571 -25250.7794332
1390.2660975 -26641.000628 -25250.7345305
1390.14404523 -26641.1819223 -25251.037877
1389.93250191 -26640.5887632 -25250.6562613
1389.56842054 -26639.5848512 -25250.0164306
1388.99781515 -26638.5967913 -25249.5989762
1388.18790713 -26636.8953664 -25248.7074593
1387.13401998 -26634.7836127 -25247.6495927
1385.85845441 -26632.2263879 -25246.3679335
1384.40501194 -26629.0663632 -25244.6613513
1382.82697941 -26625.7537015 -25242.9267221
1381.17779792 -26622.2771762 -25241.0993783
1379.50465176 -26619.1198814 -25239.6152297
1377.84503893 -26615.7152906 -25237.8702516
1376.22939822 -26612.3845372 -25236.155139
1374.68539497 -26609.4940277 -25234.8086328
1373.23802343 -26606.3138826 -25233.0758592
1371.90938132 -26603.7213896 -25231.8120082
1370.71619817 -26601.4834175 -25230.7672194
1369.66675135 -26599.3845952 -25229.7178439
1368.76069448 -26597.6563765 -25228.895682
1367.98989986 -26595.9460085 -25227.9561086
1367.34111051 -26594.7480406 -25227.4069301
1366.7989604 -26593.643942 -25226.8449816
1366.34982813 -26592.6063521 -25226.256524
1365.98547505 -26591.8035244 -25225.8180493
1365.70977422 -26591.3400723 -25225.6302981
1365.53980052 -26590.9012291 -25225.3614286
1365.5051843 -26590.9248299 -25225.4196456
1365.64630457 -26591.0311726 -25225.384868
1366.00879087 -26591.5960024 -25225.5872116
1366.63841545 -26593.1409688 -25226.5025533
1367.57576683 -26594.869808 -25227.2940411
1368.85449446 -26597.5813274 -25228.7268329
1370.49550486 -26600.8705061 -25230.3750013
1372.50091387 -26604.7361594 -25232.2352455
1374.84587897 -26609.5148977 -25234.6690187
1377.4704068 -26614.5894578 -25237.119051
1380.28652316 -26620.4427895 -25240.1562664
1383.19323268 -26626.3126868 -25243.1194542
1386.0932391 -26632.1496772 -25246.0564381
1388.91196997 -26637.5887192 -25248.6767492
1391.60698853 -26643.2462398 -25251.6392513
1394.1668494 -26648.1459874 -25253.979138
1396.60204796 -26652.9667319 -25256.364684
1398.93222802 -26657.5857076 -25258.6534795
1401.17623186 -26662.056349 -25260.8801172
1403.34455237 -26666.2357685 -25262.8912161
1405.43510147 -26670.4697821 -25265.0346807
1407.43596933 -26674.4866252 -25267.0506559
1409.32558515 -26678.0222193 -25268.6966342
1411.07549291 -26681.494534 -25270.419041
1412.65320916 -26684.4976031 -25271.8443939
1414.02080486 -26687.2302299 -25273.2094251
1415.13577186 -26689.3093094 -25274.1735376
1415.94943623 -26690.734816 -25274.7853798
1416.40744989 -26691.4057213 -25274.9982714
1416.44976791 -26691.4845474 -25275.0347795
1416.01273031 -26690.5905434 -25274.5778131
1415.03323409 -26688.5729587 -25273.5397246
1413.45400828 -26685.4964827 -25272.0424744
1411.23321256 -26681.0517929 -25269.8185804
1408.35120018 -26674.9538689 -25266.6026687
1404.81697721 -26667.8146636 -25262.9976864
1400.6757871 -26659.3615183 -25258.6857312
1396.01178464 -26649.7964527 -25253.7846681
1390.94685201 -26639.9011809 -25248.9543289
1385.63825362 -26629.5154037 -25243.8771501
1380.27242692 -26619.1320317 -25238.8596048
1375.04976701 -26608.8118827 -25233.7621157
1370.1652623 -26599.0597827 -25228.8945204
1365.79022702 -26590.2123427 -25224.4221157
1362.05676994 -26582.5949523 -25220.5381824
1359.04900084 -26576.3311021 -25217.2821013
1356.80476328 -26571.7177119 -25214.9129487
1355.32662421 -26568.9220526 -25213.5954284
1354.59077071 -26567.4347468 -25212.8439761
1354.55185841 -26567.1955282 -25212.6436698
1355.14209906 -26568.2833036 -25213.1412045
1356.26332573 -26570.6172753 -25214.3539495
1357.78231703 -26573.8244542 -25216.0421372
1359.53409568 -26577.4979175 -25217.9638219
1361.33910244 -26580.8161085 -25219.477006
1363.02404827 -26584.0391226 -25221.0150744
1364.43772682 -26587.0499631 -25222.6122363
1365.46156156 -26589.1577342 -25223.6961726
1366.01281491 -26590.1595836 -25224.1467687
1366.04328216 -26590.3100048 -25224.2667227
1365.53607427 -26589.5309323 -25223.994858
1364.50377414 -26587.2519003 -25222.7481262
1362.98442999 -26583.9901943 -25221.0057643
1361.03529144 -26580.0830444 -25219.047753
1358.73127468 -26575.6799025 -25216.9486278
1356.1650936 -26570.6094379 -25214.4443443
1353.44461629 -26565.1773828 -25211.7327665
1350.68822179 -26559.7026759 -25209.0144541
1348.01712382 -26554.3989717 -25206.3818479
1345.54656695 -26549.6623838 -25204.1158168
1343.37933044 -26545.3109114 -25201.931581
1341.60104597 -26541.6437151 -25200.0426691
1340.27855124 -26538.7848338 -25198.5062826
1339.46180577 -26537.1772281 -25197.7154223
1339.18591925 -26536.7193103 -25197.5333911
